174741.95693 26450.7058959
27638.8221372 131416.107166
71657.5698638 -138400.201787
1193.66700815 -44831.6011009
-45034.539433 168208.858289
192350.427966 122514.07386
-39929.8334807 115769.640074
-88245.4501837 46090.9169552
1191.54658811 -78293.7289454
55727.3647883 -79061.792388
55156.5034507 -65053.5513218
22804.972475 -76351.3756436
-49477.1812412 34886.5839376
1898.75995879 -29643.1135356
93299.8954627 154476.797216
-86184.5476164 -59974.4387421
-672.202807508 90788.9974466
93809.7524676 -142759.729278
-44153.4154563 51948.9555072
103464.091399 61463.2717315
-75294.7426206 -107504.275845
38319.7694496 -9099.15189548
1889.24729556 -149427.666904
-106553.239841 -46129.9658734
-19211.3660313 -118418.42247
-7863.21980372 155292.302398
-32571.0842832 -79431.1903377
-47985.7920015 -11807.9623044
67668.399627 -64549.7123446
-107687.580652 -96547.1156444
69754.6421407 36240.4100282
-7255.57888885 -61345.6660565
-37139.5988428 -24441.0939118
-54111.5708323 3801.80792082
-55073.0800781 44475.8859253
76308.9931463 -24922.549642
131926.011962 -33369.2255166
-24773.6549028 -119748.950053
-77463.1491157 21056.3188644
-71694.1678824 48711.7998431
-159992.316414 -28203.0438813
16388.1632392 -83722.3261213
-37538.0387868 103238.70472
-17950.3977591 -80022.1332605
-108443.030638 153708.699815
-28900.4140889 96126.7656064
58437.4347294 19508.0181578
-20001.8137102 33318.9382758
32996.2447107 182812.845669
-51288.6677192 -29425.0197228
169921.185012 -49385.1368752
-72642.0056562 11112.2414094
2150.31079976 50039.9056773
55257.5791772 16644.2245482
-92163.0591248 -148985.282276
-113712.98357 -7855.03214452
-59559.3945172 -62399.3346391
13300.443906 -68567.5142678
9585.07536893 -49001.1252603
41782.058702 -87401.9945288
-25530.0445388 -51104.4092071
-32727.3674539 45943.8825196
64536.7808203 25540.4614571
16924.4341127 28246.1227788
-36430.0274921 19938.3476856
46358.7444581 52340.1860761
-73180.250041 34927.1821894
-40917.6369202 -109204.790426
32419.945488 -37754.0420091
14822.2076997 -6219.93161003
18504.2241974 37880.5529693
-120483.047429 -45405.7049181
-80548.4809485 -115544.951753
-16017.7640403 -76716.4535145
107692.733568 -12980.2736093
26711.4919619 -38663.6300224
-1423.37619905 -55624.7471062
83823.4389023 87046.0450932
10600.5815685 16895.9611258
43476.3424072 2401.37023198
12146.6347981 46369.1787056
-52371.8637367 92555.7371477
37506.7862268 50468.7791401
-35539.7419891 -160907.360407
-5494.40558529 -155985.412532
-73113.0944801 -115926.670141
-63018.902227 -61475.5818641
4451.16615893 116744.867209
73633.1844147 43248.0683984
-30625.2417689 -12049.1751197
-51577.0843076 -12304.8943031
70336.7235533 713.29581584
-6896.22889536 13402.4230197
-35892.0390655 -10185.3431315
-92144.3617697 -69695.7698017
-3081.29635705 -6043.89210413
-117955.584775 -52551.0488796
-22922.5025495 -23125.6450971
44772.4327532 53909.4065168
-107998.694183 -35829.7855945
58748.0303906 -54118.8563951
-81363.1018523 -55366.9834563
-34318.8241988 -37120.5997317
19357.4610715 -67546.1352919
62385.0210557 4162.167748
-52897.2078666 -8596.89961704
-37835.6109048 118452.055444
82556.2931245 40570.0546892
100230.86699 45140.6600594
49508.9505047 -9133.70248595
-51596.6632935 -69625.7109205
-24422.9116028 -107476.306087
31410.2495091 -18316.7952693
54034.4345133 -82522.6307318
-83734.5845411 7195.68958372
-80057.0573894 -118980.731274
25628.6623143 16890.1610419
-18747.8372905 -57389.1373926
44305.0942424 114458.358669
39272.0052102 90769.5476824
34674.8879431 57424.5676387
-88647.7025575 -11562.6872257
16632.6413516 90821.6868392
19334.2730348 23018.8979249
-94343.0353843 -70510.0073628
-63389.7177646 117940.282618
-14225.0038323 -31478.071179
13793.9889791 -38711.3174612
-56640.7105545 78606.4434394
-57689.4924561 -25766.0481521
-83007.4656197 -18660.3627005
229.583270627 86454.0548716
-35500.5476622 122617.397227
3232.70172341 22615.2150931
66683.8245395 -44114.6398272
-11216.5823562 60437.8610501
-155.496517148 64047.4735519
22843.1893724 62472.9787524
40716.7295006 44536.6726367
-141433.60272 1451.92014591
-49894.8925279 -92227.5893467
-68082.3250504 -131156.587409
-2940.71193942 36561.5550156
-43046.07846 -55560.0486467
-94641.6704224 -25800.2465448
103023.372976 -36321.663871
24024.7888139 -122404.248346
5197.26270751 -99270.8632755
46911.3054965 -32108.2058349
-20128.341938 -60767.4580289
68940.9297744 25981.5437777
-17537.2929313 -60459.661608
50112.8373295 -2484.45870073
-89966.2407589 -111556.680678
10454.0362386 104965.970847
-33797.1925455 29524.7117318
48886.3490817 8105.40234194
-41327.8494045 52199.4119942
74949.3137623 9229.95551731
-46023.5573744 51040.8992012
-54476.8048637 -96552.9827244
61257.9799164 11472.6797598
-44560.4793147 78933.399682
-95171.2165909 183498.287868
-66149.0681678 75077.8858197
-148371.091577 -49860.3392619
-11389.7564956 -26850.1029042
-10578.3694937 60710.6471107
111826.17852 26393.4493514
-100298.446636 -27938.19669
-18197.9319214 -16011.364794
92751.0326277 -113295.886112
107555.882317 -12659.3108915
3296.95801244 -112.963948218
-16315.5337854 -26424.610299
-146532.985081 -31941.1759528
19413.0746376 -97098.6626301
100523.643911 39406.3701148
88352.6305251 -19188.9337179
-42002.749182 52237.2504963
27083.9544098 74298.8776877
53974.7983897 13011.1987544
118525.780231 34318.2729911
-45714.6713746 44217.6279818
32332.7622692 -2771.17988953
-16793.6367886 86838.5859707
-29447.1514894 104838.517664
39963.3888798 25554.8054144
14782.1184148 -72037.571602
-33763.8347052 -81297.5570262
-5649.93526509 -33554.8806736
158165.071915 37141.113663
-119988.816031 38627.6597605
83855.4952914 28189.0516654
122578.606407 22333.9910892
-3070.52464797 5047.58095331
38485.363849 -11886.0421014
-177832.270567 6228.33059712
-88485.4951045 -61480.6474745
-65212.9277193 -67806.9744973
-66982.2887196 -59182.2633854
-20393.4526789 -56431.1397109
-29969.0385147 -18011.1201882
27351.0863211 -133381.994704
-99823.7079346 3057.79776395
-60232.4394853 4490.66045771
75672.0844422 21711.3488624
4546.1248666 -4259.63211084
69684.1216557 -16166.0397787
19269.3883847 11884.902222
42372.6785998 5095.6979652
-70304.0435871 79352.568034
125003.377224 92472.5449274
68541.6754891 -13943.4913435
90060.3511397 171894.647932
-67177.8797339 81582.3956137
68094.0898974 -50646.3816013
-14935.4815929 5991.74375477
113950.775558 19660.2309883
1888.68984746 63926.8072848
-115787.35347 -93537.5835894
73554.9066687 146790.48079
-15616.6224047 -43430.0598426
-15633.8835793 -24856.8082558
-95464.3607522 -42454.9553235
8847.98049258 111539.569363
-37605.5595247 54664.0007005
-39095.4962051 12172.2256782
-2970.42074431 -22940.559644
-23564.3334348 -44436.0571903
-2410.67261291 -119396.650381
67750.083707 -125291.559153
1514.01085765 124877.330392
21403.1921119 20694.6165349
14397.4561238 -62871.0111348
34443.916057 48586.4355499
24805.8861724 -46438.6621889
63217.1593231 -13519.8321709
-5605.21385112 -42058.3298211
-65536.5618042 -44136.1639764
-3599.2473369 16266.2994439
-7691.33750291 -43539.8526919
34277.2310749 -16904.2765757
-40376.3239474 -29019.4504453
-45787.5104163 44408.8607187
-244.569027542 89253.1211655
-25263.1308803 -1969.86877936
16130.4456742 -30135.756452
129001.682973 27926.8824052
-6911.43553785 20673.1517166
25423.0734727 -117086.815491
30682.7099922 89413.462214
52582.7539005 18311.3513662
7910.88820333 -58980.8035136
-55700.5467763 106386.472239
-69715.0340125 -42150.9889849
-16495.7729048 -122408.558594
48065.7310148 5859.14391166
16241.9851024 -140450.334558
100031.405946 54056.5879653
26506.2492429 -881.258573332
-7769.07405384 90341.3893082
25791.4204466 2780.13950901
-1411.82971994 -95541.0622359
-118243.790253 -6427.18954289
-49410.6941343 -58493.911552
-63664.1606487 131292.16598
12114.7472855 -61522.4604363
38416.019549 91252.8571789
-18140.3018679 74287.8173175
15764.0989604 -45436.3029024
-12690.604537 -67308.9752961
-138822.763741 28801.9105635
77042.7654386 14818.1582719
24911.2831544 4484.59538333
-4486.56850567 -18209.6604907
-18797.6709137 27141.1913635
131344.533015 -39602.296042
61267.3886988 -59628.7761901
64870.2898955 74309.6387678
-88189.3898338 -122091.251868
-27192.8396936 39374.2874536
120792.481901 -75334.7451634
56747.4174631 -46276.2558222
44912.1335872 22900.2207609
2253.36926312 -79980.517137
57485.7326903 52483.0875486
-17548.4864376 -299.35426108
-15372.4385802 4855.43779966
-75336.5421579 -191075.6449
-29281.184998 99194.3540369
-39367.7100542 -20152.4264879
-79869.1231336 9200.49847858
-47071.0321202 -32562.9590305
-103094.804794 -67838.7486215
-20386.2678817 118609.966968
4274.0697635 -17942.7624002
102330.994976 -12326.9495939
-43580.0353295 41754.2410848
62159.4373552 25837.6199385
-62963.0967896 63529.0523713
-115375.962652 -36381.926429
-77788.7440563 90966.2689905
-63610.1501176 12390.6161223
-67650.1394388 28889.3001899
63574.9591441 29810.2567512
-89481.2254183 53598.7316701
-119865.005091 110048.347152
-21520.6420337 -49287.0517673
-61904.5591319 -33636.9863294
-60870.5925696 -46317.6936968
-1740.79290482 202580.326434
73346.451631 33207.1736895
21567.2038806 -17047.1578909
17027.1402388 -12451.0918353
872.265533692 -131215.828156
12988.2802945 726.554886663
31743.8922301 -58698.8594697
27482.151325 108650.593017
75684.7341841 -111951.209475
42686.0140718 52485.3077992
49234.3583553 -2873.39563601
31749.50545 64810.2077891
12822.146097 -106301.49564
41179.9048721 84587.7258542
-33350.4961274 -28607.9237858
18064.5106474 40926.7531333
-35374.3185266 -10911.1412797
-32854.5799408 -63496.0817998
142236.13834 -95538.4588132
7756.44548699 61581.4777895
-41387.8694482 -41043.9208804
13440.493359 -13314.6689821
72154.9544994 -51639.2262906
76180.3664188 44072.4889523
70374.8039718 -75340.4421336
49855.8756461 -27614.8867983
46096.0408941 -37926.6714327
-55397.0378669 135758.571115
21358.3306756 -43516.949911
28865.1104304 -158955.53404
-112726.404513 150104.343884
88049.2008175 -28905.9421127
-43724.2477757 50480.6062813
43298.8928116 -62653.8389064
-19258.8927947 -1852.44774536
-59700.3625948 -1006.21865267
-28224.9648838 567.53973082
69642.8966937 31704.0346546
-22004.7559684 -22264.7550016
-45901.068826 24012.9114829
78063.4473944 -12358.8291044
102860.516038 40826.2268059
-35572.1638544 96352.6701825
20905.7542384 -127713.127847
65139.085218 130735.321563
-81609.8257288 2520.10474121
-50174.7745021 -108276.375062
780.468828094 -139000.730697
-29249.1058539 -52229.0437553
21759.3087369 -131725.86506
12104.4624008 30841.3412648
64134.4670083 -32266.5512192
85880.6671044 -85199.5627782
-91584.6475896 31673.8544883
9042.87683155 -18713.52599
-79041.2039567 -101798.490674
25080.1743344 -83592.5147102
-25401.9789195 -59893.2298049
-64536.5608821 -32331.1867404
69199.5922192 118209.723459
-144452.472615 78062.2395219
15422.230898 5212.38595647
29464.7379507 -104060.99176
-52229.8157073 132627.92455
21922.4962609 -18336.269134
33965.4083763 28447.9733384
-21965.5167882 34921.1294996
-133513.821988 32955.7463562
43924.9293018 69897.3999476
84752.6380032 119490.102053
19776.5978394 6832.37854619
110728.726764 13693.2639803
-26319.987034 55263.0457048
93933.7318762 -46955.1361874
-101936.91047 17021.6191702
-41592.1157583 -125161.179496
81889.1927615 112823.504683
44981.6652571 -56185.0628483
-24720.1986907 -145544.371716
-17287.8468908 -139241.412215
65542.1659598 67280.2604833
-27381.2349898 -48086.9440739
43253.1283726 -146398.914124
-4309.8382009 -179136.130093
-36495.7991719 99911.3811976
-12414.8986257 36116.2146331
36340.7893127 -54680.7298236
-40077.9061162 8369.17645138
30542.7278665 1345.87776931
-24450.3656504 -154241.498996
61147.3279904 53531.534849
46899.1789056 53590.6421682
-79019.7059499 -60288.2764338
-39083.186148 -113230.967767
-69714.9441749 36659.5458593
-103641.348195 91612.417624
-81062.9962064 5731.11858225
-37397.9231396 -129742.925349
143175.101538 9832.11573796
-58112.0136673 32307.9866268
-32456.8104336 -12039.7350074
-40315.2010577 19982.9503764
-30370.1058301 33663.2618466
-85675.8699687 -102613.717391
45024.3153106 -14334.3265016
47584.6386429 -23960.4500556
-13239.7594012 86470.7356278
50979.0202377 90103.0909465
-99349.8538172 -1367.24094018
-57616.4950069 -101246.715707
-43457.3222101 -114651.499748
-9345.8181837 93850.9804511
13985.3463052 38706.0123946
-14738.4054433 -14047.4892771
-30911.1121267 -61865.0322419
126044.510846 -41794.3250374
-24306.8402822 -47757.1506691
-9392.61377995 34001.479067
-97661.3911473 36308.8077463
-6551.13312094 -81460.0746208
-8024.72850373 179536.588435
58145.799924 -96784.506208
-68204.7801132 -16932.3792212
-27747.4523143 13327.6255773
18399.7941947 89610.9824098
115577.131006 -59628.3490789
87256.7759823 -17723.1054303
57420.833777 -135671.931566
-55088.8363286 -23841.2362622
30722.0180056 73446.844994
-95022.1746963 6912.68201452
-89772.0425084 31350.3851697
30472.6211922 -80416.87495
-23869.6830005 -23106.3147371
27565.8723164 -26010.7694514
-23660.7357759 65205.6628683
119728.087217 -157976.613222
-5019.15897947 84813.3136955
74405.6532159 -67514.2488552
42169.1706113 -137487.152392
22404.8295104 98212.0593178
-50589.2159455 -25928.8014913
-24292.173946 -62157.0416521
17534.9014807 22015.6361894
58551.0590444 -8629.55248919
100262.302934 -37147.1284162
23775.9243771 57097.8179284
87251.7100532 -5324.81633166
-118428.204906 2931.62639232
-10454.1756693 -58961.0182735
16482.5029379 14327.8232
-30495.105615 44904.1462365
-48272.3249673 -53543.3075388
27529.0722598 -12699.0469935
-30784.0919633 -166757.396444
40813.5082176 -123712.77885
-120854.965773 -36130.4499085
-96203.9489617 27922.5146839
-94884.1928437 82660.1688585
-24708.9304576 -76811.4963482
-85203.0683298 -1823.6070507
67209.1860492 -89541.1689891
-29639.9647297 127892.500589
22487.4095207 -10319.7688245
46917.4839063 29832.4313937
-63610.2199024 -17196.158955
55135.2547887 -20773.7654163
-28809.9388925 5961.95626335
-71252.2431261 -27312.4629261
15223.4851957 1446.44783009
103699.267592 -9637.49901413
64166.0049615 122345.120587
-13481.1102836 53109.2222947
-34305.5746463 147676.119686
-43010.0237022 -159671.749998
-46271.768414 -40449.2641496
83666.0415379 -113841.275999
-26976.5533789 -56449.6936151
69938.084186 54178.2853084
-3042.12347832 -60746.9300028
-1822.31987372 -17019.1127261
-6131.91066077 60888.1058555
131928.400585 82926.3706664
63500.9324885 -132775.806466
-42029.0345006 23514.1942892
-40430.4605054 52815.9435754
-100912.599324 60461.0760898
26873.3084284 34526.3195455
-15888.5736847 -71121.0340151
24728.590992 35096.5461112
68533.4463964 -56029.0947023
11785.4205375 46862.7588547
-8982.94932465 -17825.8025942
108068.920181 49421.4844261
-38548.7395486 378.863596922
99566.410228 77653.1624781
-6540.60788779 -67901.0279796
-3387.71811378 -5273.40184037
-92051.7618864 37586.0176496
-12410.8657931 45761.5665948
-1306.95393919 71289.1768904
90874.3685283 -50417.9204322
21488.1881536 67728.2904847
34912.4812405 -37425.9562097
22603.8564062 32925.9491976
-179212.949347 -80422.5555269
-91962.4104346 -173321.700983
113482.47116 124091.138121
-26640.756488 -35548.1556789
64990.8308745 -8159.88465147
54888.5042177 43283.6843013
-153870.315273 110953.640545
-17054.0190546 49562.4099302
-61684.1610677 33266.0092518
-79721.6936525 -2836.95821932
-44478.0819329 113386.179757
71643.7879084 -37742.5394317
-39845.5071382 -78469.770072
-17602.8624566 43633.7287792
22878.3416209 38226.9266378
-36038.2623178 -92090.1285928
67426.4362609 -74594.7580382
32014.5217364 109886.136381
40912.2208077 -85009.4589088
136791.305224 78405.8840338
67850.6097196 -86205.5280538
4524.29776858 39806.6804106
-91230.2832276 -75989.603466
78183.7081083 19859.430945
132285.121448 -46002.4308174
-81603.7679591 -21534.4878658
91045.5808481 69488.3528063
-65026.4500625 -102144.211957
-32759.2332579 -8392.28476876
57856.5765085 -43040.495492
-58439.0146455 29848.7369996
-40809.3547299 -51723.8275015
-23357.1700728 19295.3272502
-11861.3539232 14592.2503903
-39393.8439668 -7893.61979258
-39724.548826 -48874.2319252
-1408.4468159 5319.28507196
-64083.7058673 51351.3215409
58964.3677152 124724.107348
-35722.8470649 -31400.3573647
50459.3407864 40421.765142
122373.514377 -88464.511878
-27523.7744717 103438.353408
-40663.0638643 -4155.77853652
114875.347002 -30462.373649
-55699.5719453 52777.388266
-59217.9705716 25455.2141752
-47645.6074715 -135727.094816
25533.438527 -160527.022816
12760.7002673 -96131.1239817
-47475.0045516 91183.6359335
127435.436934 -34555.5076128
-34574.7185591 -33864.9097555
-4697.05753129 -25781.1104971
-75608.3484299 4378.13089851
39212.9774361 15512.1244962
34910.4157164 -19010.9625308
26469.8001755 -141162.483478
-22453.7724288 -84108.7334024
-19346.1470994 -10103.7048822
-45077.1499573 31453.4288579
-4542.40152969 -100636.033017
-43762.5571878 -28865.6813717
-114772.412786 4436.13926211
32030.8558679 -117744.243907
-26034.9893678 -35209.9342576
-4662.90488706 -173357.582733
-30240.3970432 -29534.9326499
3559.83829369 -124351.061951
-23164.2245355 -168737.025278
150148.593279 49960.3276026
91414.3197476 40254.8112189
116397.45015 27614.7077966
140226.001601 31058.5104545
66725.3571709 -53263.5721455
37581.5444029 -23492.844489
-71959.2303899 -17979.4201136
-24431.6933832 -79566.6545591
-56823.0462751 92362.770744
37994.4097282 53607.7278921
-30762.6851387 -36744.8886631
1205.38937908 170551.600437
18999.1528642 -29260.7098154
-55920.5720724 21897.329476
-97111.5683314 -37596.4687525
-19864.8621444 -44951.5487362
-104352.287045 80721.6399915
10249.9812763 94970.3369683
50552.9106932 105043.449846
-24910.5005962 34912.5737372
11986.4244789 28253.5963809
-74002.0367254 27858.1206236
-73536.3790288 -88433.012529
43909.6352939 -4010.03387269
-29684.260103 -16712.8466837
-74541.1483269 46718.731087
47542.4037579 8749.95941768
-67675.4730641 -21889.5652964
23070.6569787 133356.993481
-63761.7186655 30978.37943
-50226.7989354 -96235.2606168
-94019.3612929 76576.2220907
35024.2308808 -125315.136782
-111569.197199 23682.1759514
61751.6176785 46112.9492027
109033.375987 62376.1913113
1691.61134785 -86536.2450367
-6041.28141864 44532.2181656
-134126.031452 -93971.3213835
-17332.84009 97400.9670238
-100357.464976 -44894.0567517
-12515.8894387 -159344.027027
-87446.7536616 66084.6299431
-9829.80500268 -29329.0537644
-9777.89445632 12667.2372335
-13840.3465703 -48237.1109227
51229.3374269 -82643.0466589
57302.1722374 9512.05428146
4788.84479092 -9634.24593205
2105.29913297 19372.2088683
619.397043076 -18317.1956662
51819.4464097 75135.3956847
37983.2948227 3045.41887789
33389.9668061 25469.2015772
67862.7983803 104300.064894
16996.7019168 38253.4789646
48215.5115044 7328.12640306
19563.7305325 36416.8287589
-2569.69424242 -9026.15973106
21892.1198887 16824.9728616
102837.812552 -87408.5296303
-62964.3577616 -226577.44681
-74837.6615316 20925.8284594
67751.5911045 -29972.9072188
47553.8949111 -31117.4619204
48465.8521073 -4334.71630988
-174221.739838 72815.1707502
25315.3433139 73768.2716006
9065.96129928 48634.715683
-56164.9463402 -29933.7314446
15893.2521074 -204145.220925
-93994.1524085 -547.296482602
58596.35946 -69194.5111663
-6733.26012157 -112285.580619
104129.784429 96086.1830216
-37299.5809381 -21639.3988985
-35666.1594454 44616.3153093
-17318.9015432 14312.0844582
-53152.1396497 84917.56131
-37507.4706769 -61752.0078855
21472.8398017 39759.8586686
11576.0568011 -9891.42542174
126954.712785 10989.9732434
-88551.5878934 -124862.911748
7124.88114882 48926.2973039
-58695.7035595 137922.939496
-33420.8479787 2327.99815095
-12879.4028708 37708.2322138
80347.4955132 -50140.2397995
-44261.9615762 32707.6942434
-91.9183832319 37064.3387614
-165418.347313 64759.8699039
10112.3154676 57636.4530325
133900.975116 70164.5011877
-58890.36527 -39593.2503333
-60054.2985798 6384.61164901
-44684.2531753 -71476.1838692
-26742.5123928 -8471.59052942
-25803.3759226 -27550.9647358
68289.6535903 -79796.6772141
-28152.1590767 -43259.8205568
18397.9640039 -11365.1363846
37151.7657519 10481.2616204
131167.649362 34822.3788747
-8684.25455977 -8052.92021882
8307.64122937 90061.2426573
64480.3910251 -48487.5036408
41328.7930448 68726.6627323
34563.8082806 29772.7543586
-27154.8686707 -114041.141615
12116.9020584 16351.7742927
28678.054371 -32902.4849062
-12206.8331987 -1328.57800674
38112.8902776 119741.265997
97993.6637404 -83666.1246721
-62868.3333984 -96146.417886
-33368.9533959 -14677.7591721
109536.449138 -13236.4367514
27906.216012 24620.8114911
29093.5316006 -49693.2359824
-2954.88830139 22985.6195412
-72037.1793854 120210.052393
87213.4432775 -47825.7715287
61056.1931287 -131828.659097
-8760.19944603 66881.8268146
-16298.2782899 -23269.663896
-17035.1645919 -64190.7564809
23817.7998177 119742.823595
-31960.8981576 11983.0661894
27965.4220753 32826.1314132
-117402.384703 19310.9787867
-61612.8805349 -36754.4322708
-20573.5370119 32382.924281
45849.0036423 -82814.9281287
-11837.2796222 -53628.0195273
138421.218168 81726.1040409
-108551.380856 16533.5029925
-54594.0005749 -48169.7725348
7063.52520962 -67295.2712554
-19895.6669261 -48893.9648758
-25658.5909244 -49879.9972005
-2442.96474153 49835.0981151
-35710.7008571 -58559.8689904
21299.9684049 151194.655022
-40615.7430727 -25959.4570255
-26931.2436061 -29252.1632325
183436.633687 37463.9484766
133104.946634 25010.6494891
13992.6536437 88216.9373097
-53415.0346082 -6412.90453552
70024.184671 -109949.714433
60018.3910019 -2868.48461746
72536.5149868 -48140.8640964
62362.6077056 -23088.9640313
7586.75947066 -56590.2655424
-78372.8168498 15528.3466484
-4340.22275096 -92097.9217839
82987.2793257 145792.295101
81129.8169196 -18787.3518848
137340.278705 -17172.776753
-33047.2257511 143374.568215
-53717.9878878 12470.5380541
9198.07608766 -25808.9903209
77817.628456 -75385.2314093
-12481.5477605 124885.615605
78602.1686099 96638.9389322
-109720.758429 7073.25565693
9497.80096633 104016.931295
57144.9321216 -50271.3393212
57751.8956994 -18433.7162095
-40926.836264 107586.448881
-34865.7351128 120567.87375
-9566.73168315 53228.8033511
36760.2002929 -21735.4016907
-111.391549324 97748.3577559
34047.5430465 24278.0036047
-1891.30167646 -63037.3711127
25827.2641906 -59750.2901118
33547.9943457 934.502244667
-140944.838926 4208.44112087
51114.233237 -32241.5285338
-8938.04701929 -115262.696993
-89476.7958644 -25280.6128271
-39518.2152649 -5858.62911715
4395.41849303 63083.8541816
85440.606616 -41540.5289988
11391.6909729 49348.6336139
86448.6280124 8404.38805307
-19844.0138016 -7811.2647866
41371.6630446 -47345.9062352
-48739.982759 -45131.1298783
11209.9024312 8306.88474574
-3407.20650455 192546.25433
-113152.963045 -44780.1782595
-94729.3888409 -24057.9841579
-80117.8598536 -12790.5731407
47224.1286855 27304.8052927
-8253.49384968 10635.7483999
-83936.8453565 -171026.07347
16208.7566635 -68111.73485
-120663.370314 15997.3830902
36526.3873006 -74096.8236768
117210.264398 7307.58341733
-62734.9864534 -118141.27206
91450.2040008 31735.9723508
12736.0164641 103233.918261
-16154.8291072 144693.230315
-60208.776096 60393.2546761
19239.4873237 -106347.214965
9511.16978781 10501.8335344
45630.2810344 92342.3752093
-50878.8118611 84252.5017072
35957.0740037 61702.424715
-9628.36612623 58771.6621692
-29105.5627664 95099.2337092
31991.6814713 37220.7230763
-46185.0614762 -40232.1285028
28512.7081905 -11895.5670578
-27501.1077627 32373.0042109
-16339.7793301 -34553.0134642
-2988.09130288 -45242.9207705
97525.6304903 44235.7931421
-68271.3425577 118815.360621
-64625.1726685 24145.6610398
37242.9205504 -63560.5260355
-76598.361022 -21173.7865752
12973.1421877 147617.79952
143662.665967 31022.5181807
-12892.9873966 11343.5017016
56010.5055651 -46268.6700585
-44724.3476223 -61735.0408542
32386.9354576 -57579.9412802
52733.9625191 -138141.284001
41817.5509603 -85806.4809402
-61087.3187051 -16924.8075378
-26547.4792822 -44733.223979
32683.3732073 30136.4514439
-111581.852634 62315.2594168
6379.73151307 -94700.8659251
-8426.49152491 99819.5222004
-144368.561931 131625.573679
66206.951219 -128397.849642
65382.7733316 155645.485513
127824.629641 -58632.5434777
44620.5727415 -25919.7891481
42215.4262644 73706.849087
13287.3884881 -40431.8928013
99923.8554274 31776.3904122
14078.7248436 -895.794056188
4461.34199976 13086.177737
-29920.6427216 -46491.675077
-82695.9029096 -22375.6148259
81937.3868083 125165.875868
1580.7631842 81075.8924959
68388.4864139 86335.3506667
55800.5737304 135946.4246
-103851.617325 -21794.0211731
64160.2137014 28351.6866846
-28658.0871365 51012.4231885
9909.00593029 52455.2553024
-39935.8993007 96280.386954
-8829.30299026 -20822.4319782
55504.5759427 36359.744745
16867.9931258 -13484.7389554
-46728.5097326 67992.2456266
33187.0659559 -36811.4573992
-41173.6060257 159552.830278
37207.077091 -33339.1956101
-9592.80802166 55871.5228411
-32602.3354358 133103.676518
-76857.5714013 -28230.8707074
-29847.8888425 8898.88962787
-17596.7626464 17656.971818
-22441.7715111 -13543.9711265
-106386.472016 74061.4894711
-1669.11080528 11755.8266179
-54338.3330321 -65897.9537211
6194.3054194 -80695.2604897
-142951.574294 83548.0721024
38460.9959872 -19846.1742347
3382.34059294 115285.423785
-15333.8061396 60070.6669679
26288.5443853 15397.8078998
107623.743964 102516.173305
60255.2271874 -162506.695412
57620.3124806 -99409.6728083
27028.3016121 -43184.2992981
106689.247364 11145.3858092
-89448.6816305 20705.9999554
125073.039309 -34643.9772619
119296.578889 8113.34765297
50534.425646 -51800.1685608
28374.1711236 70191.639556
53303.0558252 31025.4961378
-77114.4003896 -64336.64175
-56400.9449364 -37493.2233456
-142141.293169 -21794.3048411
29272.6992333 54977.0157364
28896.3210281 -38533.4425509
4744.07070797 129515.600192
-68475.2884998 -24414.8998808
-48601.3907223 24984.0632261
-61446.0170695 98644.4886297
-14172.298311 -101296.552897
33395.7349383 78957.0935019
61106.0765555 -57575.0420319
-25304.7960774 -82863.3710315
-82219.6917077 -17786.7684538
103856.472771 -103899.337307
-89382.5731117 -145087.94419
51396.6848239 -27966.7841684
33573.0957467 -106480.641598
75298.7744997 93857.3469761
-101692.008936 72240.4265066
-1487.90005731 -35476.917754
146744.871551 23.0043962002
40074.287144 178552.960198
15408.5872751 75414.6169619
38557.5994493 -103276.48381
-11287.9521671 61262.7340145
45961.124118 -81702.2650724
-7331.22291539 -89646.5981282
71235.6563835 38099.1780649
-35229.6091857 199760.078613
48644.8971077 -60318.9205373
-56892.0934772 -99532.3308189
86015.4427002 -90062.7303587
-54308.0551612 -37599.2261829
32132.1180739 -7014.70755646
-116383.53955 50260.3154104
134384.724841 96752.9277319
58768.3414277 -29659.5650524
35048.2622101 5376.80590696
116837.409822 55894.9723918
74584.6656065 -50185.6630915
30318.511345 -15855.4219563
-24649.2339369 -4007.77623517
26776.0494713 -18114.6763396
49857.0018247 47652.1003755
-11451.0511888 -26802.8285092
108317.956642 6131.0446622
33674.5429496 -99608.1734211
33433.143454 68588.9759109
-20322.0545345 25946.9313085
-86869.0751845 -32771.011004
39000.3022587 100562.924438
20315.1969629 -70331.5013576
7667.81077289 18397.800383
29153.9075066 71658.7167044
64554.5096645 -120561.11725
-42714.8939255 -41107.035847
13134.0201074 -231824.13084
-38783.9642816 69633.4763663
88415.9944771 -1037.57602356
-54842.6388779 -67170.0948613
-3580.91536697 -23097.4084429
82844.1871025 -54683.4183633
-61750.0256656 -48105.8094636
-69366.7106859 -82714.6269627
-27718.4265367 -7021.37165043
-82541.0247007 -55855.4094393
63867.5046369 36888.7667112
-22417.3412365 22052.5370092
-105528.850487 -47660.6472131
-92033.6223633 -150019.21377
34832.3500431 46929.2372187
-70743.3530888 19925.6266542
-84957.6261052 6148.16415994
-1525.31686204 -29622.7918927
61999.8453597 -85670.1816036
-116099.213108 79621.9119134
-24354.5025822 36678.5682021
111815.560786 66418.5578244
-48170.8646632 38299.2940981
-56136.4681099 85669.7891252
44045.4734272 69887.7998736
-50307.1561247 20613.3879115
-10353.8838703 20640.7095114
43209.5876658 78967.9572152
-12388.9127189 17675.6416028
40970.8420558 49384.859439
-74971.0926843 216090.588234
52688.8313697 -27725.8745696
-64142.4815002 65182.2696484
28588.1913571 -14205.1799469
-51524.1449087 -93183.2075469
20079.5750779 -40253.54958
-8518.44190282 19423.8598161
35001.0329048 -98548.7644549
107498.847001 1737.14772203
-67325.6481724 -71847.8345074
-63915.617865 20980.6839924
-119236.776351 -27771.9918995
-6817.34012127 151659.8123
-84299.6792799 46536.4547729
-104617.369103 64465.1591848
-12265.6644739 -82397.1726116
133603.328362 248411.348475
42096.800402 10753.4673934
-39841.5634661 -19392.8798197
31316.8473351 39182.726432
-20276.1188525 -23939.7721769
-61096.7915737 45385.5509519
-38096.7998045 74369.9715524
-14537.3423274 -84867.933132
174207.182663 -59824.5544245
2162.60137905 67919.9831058
-42532.497834 3121.33363295
62229.7962919 -86047.3217319
-61592.7572421 -11453.5970474
11160.5429225 -37592.8523254
62839.4079205 -120135.796878
14833.4426645 -65532.561975
94703.7861782 -18995.2582217
63838.0266121 -25814.725025
-34725.5065272 32069.2256314
-6089.25683064 -179816.737602
-21118.896387 -51388.9090741
-43558.731252 -23904.5056804
58595.5890904 -5761.18607446
-33580.6074859 36656.5858861
33511.1485039 70473.0131097
91117.8155305 31337.1815934
3536.22381527 -31601.1808941
115092.231382 -31328.0851954
24359.6600182 -29099.0552183
12531.6123222 -34713.3519139
-132501.073203 128185.073116
-51496.3051454 7784.57763894
15628.6794468 65966.3783525
72844.6134462 -110809.587355
-78550.4828815 119132.544507
3359.08799102 87572.3941739
95829.0441658 101668.357036
86245.532316 -54882.4508123
90238.7556423 -13757.0340825
36968.115861 -77163.8629058
80474.833057 28752.9722562
-5348.27697796 125016.485738
54954.8898303 -104849.793428
26090.3497442 -17312.4166939
100330.967712 -21416.9738295
-85831.7050917 17294.7970968
14593.4085937 -3451.42644271
-110818.944596 42258.6567519
-86800.9186539 57786.5516762
-29125.7611211 16983.427188
-81518.6423174 36048.2664083
2518.26991652 34481.8904075
11567.8732189 16920.9630219
61908.8671236 165932.760393
-31828.7025967 24390.9325736
37519.5353425 -37079.7434407
1215.79735548 68777.2128107
847.620777161 -107565.204882
1633.44795252 69.7004079544
-37858.8262691 40598.67984
-6163.20819946 -29122.1312582
-147816.202164 -43710.5083044
-1676.5373836 -25615.3635225
-45461.561815 43476.427528
-67573.6932241 -1675.44015427
-37814.2020797 -30694.3747105
-44359.3175056 -69797.616078
-38646.728813 -35699.0314338
11685.1451832 -14620.2488973
-94833.7744858 -20614.7526768
15175.0908663 -12964.9742109
76751.9624163 -8902.07926891
-88036.3984473 22642.8191348
-99716.3051196 -140304.50989
-19181.1275861 49304.297643
15201.2181375 -29819.7947745
56096.666176 63350.4208361
-34144.2426877 -25363.7681363
-30926.7337995 26710.6301588
87786.649777 -22986.7169087
-138879.64696 10224.9260567
-3799.64331278 -58463.4391166
639.823898006 11278.7290981
13228.7611872 -51334.7097503
37106.7583604 -51668.8646961
128398.548954 173015.064286
13152.2364757 -70360.6146477
24747.4407566 6173.81727403
-50046.7460233 -68453.6578977
-52185.5583507 -59190.9476458
-25753.6963927 -43801.5684143
73074.6628965 -10855.8089622
52078.1281415 41291.7394819
-16632.9801755 76785.1954965
18626.5593516 48125.0634602
37466.5522611 -55556.152691
19382.9590981 24736.5801595
148755.28691 2710.41643769
22073.9085959 -42392.4377887
-1772.48563868 -49515.3069495
35335.2221669 20356.9569153
-103373.124362 29378.0354882
-15641.5598793 -178188.602931
121591.342146 -47961.6194231
47134.6657816 -65219.4890256
-16302.54299 -74298.2800754
8370.5508061 -107525.348732
-38523.6039467 -18436.7268826
-54845.3058337 44333.5731404
-57886.6960615 -7783.11077484
-28631.7755248 -47803.4659856
86869.5580832 14583.0953666
106774.097848 190867.360822
83704.119311 39369.9063725
44410.5997218 -61711.8261596
12638.487082 -109863.334528
-24166.7167752 13417.2130206
10731.8837975 -101746.41011
48098.5211013 92773.1919101
-61229.1858931 -40440.8979399
28885.1693966 5868.48863761
156792.496349 -72998.8208211
37721.2373009 -3525.83390259
-3737.12747596 -39691.9636954
-14370.377063 -123847.755941
-20730.1935041 -51274.4765659
56596.8210661 -39607.0466274
-47083.8169582 41981.1015824
-68150.9294699 -116167.436679
128085.744763 40410.5840341
22338.4003662 -4253.47095237
-80031.4766294 -34982.789366
42996.7115143 67680.97736
72510.0582546 -108046.225391
-96043.3229182 30775.4606466
-59663.779558 51596.9513853
-68815.7785722 77837.9207097
-170573.188302 5060.18343445
-98752.1557795 -46770.4997453
-25272.5078148 -153772.130823
-38389.9494511 5536.21589574
44417.5248467 51011.5149059
156802.36088 127912.146622
70887.8937764 5860.40889796
-88789.4781945 14407.6641767
24079.9897074 -43190.7979979
61616.250786 -119719.215064
57573.743513 117474.539669
81780.7823537 -71101.2714182
-155673.417654 -152027.439095
-90866.8207377 63608.9100204
101242.757996 -26178.5433204
-23323.0080846 9263.18561191
52590.0130178 77826.3586453
85157.9965623 31066.4575007
86454.9181835 -46683.241451
2063.15655425 103667.651932
4898.36443132 -153240.880336
15406.9996077 97133.3786545
18685.8849395 36344.9153776
52249.3962657 67099.5096137
14979.6710307 -143498.815396
-79545.6285836 -102387.144744
30080.7667865 -6398.23574856
27952.8130336 11529.7754973
-45135.674869 163808.284126
-138606.956087 11702.1761278
69460.3698123 -12995.5645416
35982.1549968 -72310.009799
-45095.8569974 -24915.5769023
-56038.6225513 74098.9309058
89893.6843665 -54182.4429231
54147.5965963 13578.0758696
17974.0960967 87551.0680883
-24496.7659438 136815.554339
158185.79791 -4136.10611711
70360.5179702 -12835.2338761
-45331.2426792 -90292.276578
39252.2226794 -138526.312785
121111.24052 -83820.5841884
22341.9496106 73218.837256
80261.9167987 65879.1173989
-38101.3978648 -53412.8739004
-63548.4585729 122786.374152
-23238.1819983 20010.2814066
120899.565839 -38880.8046091
13159.2469961 -37332.2042532
-80133.8656825 -65010.9456508
70825.3037038 38829.7552175
13511.0203268 -138794.722709
-28859.7310364 49612.0157961
-37059.9923161 -78602.871922
-13408.7047299 35056.74436
3181.09901658 -107314.547647
100362.546292 62226.5305165
15327.2503334 -117170.160626
19244.0334063 56790.7312385
78588.889477 -76171.5882192
-30996.619687 64698.2974352
-65226.6876454 106563.044198
27061.6285017 97805.1137502
65497.0469406 7945.01139956
24246.2183835 9916.97736698
-25984.7193489 -23682.9148131
-54879.1036677 20995.7506967
-111210.811304 63515.7790615
49113.03183 106427.942599
-118147.043543 -10138.6030487
120295.85314 -14.4459901807
10580.8348967 -70052.2031701
158054.497675 -65324.6337296
-42693.9793733 -51176.6685934
-61384.3579274 115692.309448
59720.3545858 11334.9324897
53216.1416837 -125657.347096
119213.544871 -142427.123031
65568.1693449 -147149.574449
-30415.7230265 23199.0144048
-93677.0587336 -38505.022723
19900.9186259 -4785.12396303
95290.2258396 -22953.8971795
75807.3444036 -71516.7351072
51447.5028658 102994.156973
127584.165807 -30555.800293
54530.2467544 45083.6081761
-56042.1171626 61858.3747505
-10838.4134814 27132.882951
62218.5411984 37909.1525988
-9528.76033851 15682.5905247
-5893.03658914 -77613.0597584
133813.230444 -81863.5022694
60588.319889 -85627.9778922
134203.913336 16556.096341
-78128.4180418 -32783.4805207
14784.1571958 -24652.9358924
39538.023069 24923.971655
-71816.3473303 30903.4269423
-44708.1371935 -15567.5506428
6344.82133361 21223.9994325
-37548.2043851 29585.8269567
60360.7082805 -80245.2653542
82030.7131812 98227.2038549
-40058.6142718 17850.7555148
-11110.9811585 -62967.1007753
15837.4883292 -33941.4559224
-98325.2176943 65572.1680545
1673.29761908 26282.1296742
-75052.4324668 -7476.00782434
18169.5975634 -1478.48456158
-74206.9151558 -22041.7657839
32490.6197383 -74994.7957069
142539.353868 9727.24810842
-15088.8856214 106224.41436
-40902.1536441 -6869.95015335
58188.8516503 23834.2647172
79802.9248884 104554.231479
67539.9642145 -107560.865884
103701.347581 -58663.1869895
43769.8933269 -118955.450818
-44467.2984597 -55545.6919782
62425.4610839 -65646.648767
-36271.8134984 65163.0148431
12915.8145694 -125586.461869
-51038.8091626 -110184.53188
11107.4227308 4948.27337475
54824.4535672 73784.7328865
92853.3255055 18958.0213001
-4289.02651884 69479.9000231
-7702.33570275 -77125.3167235
610.622035668 117242.163443
42920.6334893 121179.039109
-100716.041382 44654.6046348
-6920.85494237 -63083.5337364
5136.04038816 -82037.9403912
-44247.9141292 24435.4753005
31304.6925656 15362.1353147
46672.8515947 29486.1707232
-60638.7258181 -2464.62504304
1760.22895057 -78609.2395675
37368.6415135 15800.356809
17328.4428366 73952.9268425
12723.4826223 84089.4268561
48476.6555476 50502.3776863
54400.9918421 -152874.636946
-48622.4747651 -25535.0303996
30023.1237898 -16224.3917918
-67590.6910231 31389.987796
-26141.1746963 49937.2029203
8304.9083274 110968.964763
-40943.0816938 17717.2909146
37644.828772 30064.7517087
42231.8398927 -4228.33519625
-13322.1300181 -86091.2777585
-15116.6729308 50287.4502911
-99096.8656443 -5231.90977545
85156.1743165 -11136.36237
-54067.6551128 -39577.6588427
-104613.886708 53175.6574946
-75613.414749 65831.5454027
32133.3435503 32993.9385679
-53031.9846822 172434.654114
6267.4980947 93071.4688785
113658.059111 -112001.812078
-11916.3172724 -37613.7312708
-16418.0918779 18164.3947699
93773.9213908 40693.8310741
45489.903203 -13847.0527145
-14194.8433335 93293.3245961
-38310.5751488 27446.7845601
-79759.8052616 -56320.3522405
-28056.5044025 71854.6154302
31673.5465314 -37072.8395662
9905.88912791 65966.935628
-26244.0463188 -49355.8324454
124500.605872 -9937.08081135
-1932.52054884 -30634.7765755
-92245.9855703 18306.6524347
67963.5521031 17000.9398416
-18326.925885 -98327.917414
-18038.4845085 -41647.5636107
-5456.26351264 -178570.660121
15535.881548 24484.4179875
-65252.5387005 70581.5214733
-44401.9560171 43338.7527295
14949.9665197 -32081.0308403
-19141.592125 -45506.6922743
-26661.5586632 -15299.5360072
-60651.5034104 -88330.0853208
-51867.7368062 -7920.12822125
19389.004331 -46429.4246847
33888.0851143 105284.209242
-124836.031512 -56595.1522674
25532.487852 -53667.2187822
-42966.0223827 161569.627396
-14917.5672395 93873.2441896
-2836.57862796 -111941.509088
75513.9147714 -7333.52842134
-132559.327569 23984.5026649
-27936.5364363 -27200.9376805
-21576.6661672 19741.2525483
20792.1614952 -19684.751802
17000.3672377 -16522.0071032
-35755.1069359 -72979.9640683
29343.922874 -16738.9289153
40386.0004811 -6830.89080528
8387.85429216 106903.414223
-88641.3906121 -61976.3413755
77051.329006 10005.0455138
74611.195891 89170.6903506
-7734.2688168 -29797.022958
-76793.717054 14477.9390218
31590.4137309 -180849.804262
41574.4403203 63012.0743888
-15279.3102648 -49693.0549278
-3436.52221849 4417.65455882
20691.5880909 -144869.846718
12860.4952142 140703.145134
-10706.8568365 -81886.0214698
-36629.8577506 432.754494902
-22167.964587 17483.1426266
4859.30931505 11258.0435225
50823.4790546 75190.6431794
-25271.6861957 664.311297682
85821.5423648 -77433.881889
-29042.6438688 31223.1259313
-55514.0773728 148298.069684
-2172.35605349 42722.2469572
28242.0901788 -7545.54481411
53568.0380267 51064.1173364
6921.50428172 -24034.4636157
-58427.7688323 76473.8251914
78841.4577198 6623.91490792
17381.1185324 -128849.945708
32657.059832 34138.7337913
-67147.0286011 -53309.86274
-21874.6010967 61791.5590537
-15548.1429129 70661.812369
82958.9669546 -50290.8473578
151958.716083 -35042.8886351
-32431.7712634 56197.4446451
284.837096008 -42791.9875973
24295.9172513 52165.24567
-42028.5672032 -36223.9472434
-25971.9609423 -116820.622835
-62737.169542 150564.76712
-51703.9486817 -109819.175403
-76422.0507419 38863.5387064
-40028.1755517 136297.987681
-48576.1676023 20670.2898214
66843.4366835 29912.5664819
-16772.9325963 66436.5048049
-87032.3041991 87095.352615
12043.0166309 47802.0163085
-6171.74670381 51892.5182746
7913.71744813 -26790.1383005
-3568.82332459 -63373.1326376
-68014.5282636 123700.681417
55015.885338 111653.469938
-3023.08673861 64983.6844206
-54990.9326948 -174310.774554
35058.8282118 39311.5210989
-46303.0952766 -33173.9409765
-11936.0483659 -64588.4929335
49309.9688863 55151.7141436
-116310.18007 117190.268574
-8985.50080762 25256.0873815
3676.60077028 -87831.0770972
67497.3667293 8477.62125114
29094.7083165 61616.0218731
-55796.1764407 -83600.5103751
17325.5553308 42684.112035
18128.8693615 23511.5754032
92159.2302356 -92518.2844816
55699.990115 -44646.4461088
-24944.0464046 145765.614323
15719.6144764 -23474.6495842
129331.163627 -35005.110554
-12669.5461955 9788.45679301
-14569.0117493 81401.6902347
5131.87455703 -75592.7810062
37005.4916076 58452.7496172
24520.5219663 -73017.789185
30018.0344367 -18745.5275672
-75283.5798558 65697.7367892
87957.1548763 40481.2888014
-102424.709173 -79015.0119974
-68881.1665034 11827.1688766
114528.968347 -159469.971741
120335.765117 79513.0791685
41266.4994655 -100734.741229
38168.2417043 -97893.5287844
-50562.2968783 9808.55611129
68447.3955246 51220.8422133
37217.7056311 -80313.7072754
-59570.2610956 27669.8821251
10405.154295 -47064.1565811
58042.0753636 64389.2195328
58561.6311484 -42159.4456773
-67030.6929025 33541.1917884
5898.75758329 23328.2333955
-39996.6504085 65151.0395227
5182.57548803 35332.1876538
7760.65538845 6839.74207336
98224.981071 -28064.562334
1032.84115667 93305.4249721
-27728.0064409 58469.0344419
-23339.7727671 1640.66443457
33957.1287178 132557.514732
-16635.5388315 -43943.953363
44244.8045802 105145.655021
-57925.4312984 62373.8012699
-167872.724722 -91871.3254431
36620.9159264 8517.16461302
31436.9208354 -18950.0717394
73311.831152 67080.0451101
-10967.1424888 71493.4001173
19259.5271628 -55870.9655309
13720.3286931 23913.227188
28226.2465702 68281.3840704
-17790.6919925 27182.0861884
81624.8540445 146740.172092
-78490.9689185 -18865.9621732
-106817.666426 -101155.805731
-30985.3147365 106366.289163
-272.087742294 -38321.6895289
6264.94867261 143491.668211
-24703.546079 13770.6692388
-32088.966446 12390.9220174
106279.331671 -68078.0280427
90900.3815768 -109677.718857
-94055.2989883 74119.762627
-33025.6883586 28681.5401613
-45399.7720979 -63381.2181956
22835.2681491 116965.666047
-5486.22626838 -88849.7785787
-8857.72229086 -38327.4059625
-7413.90136575 118868.145622
77494.5219302 59307.9671327
-41223.5173333 -55866.5307181
-25370.8674479 69276.7885724
6915.9298049 118286.603151
80589.0822586 -70118.6463894
23497.1294659 8376.73888132
14708.5521336 129557.781625
41535.8657568 -7813.47600218
91542.9552067 -129320.216173
-50526.6060362 7400.63874233
-70921.0978871 -56547.1474483
-88622.2945503 -117962.573592
-65518.4855731 -19751.7565283
7115.56448244 93779.4386962
-3334.1299059 -91355.8972023
-35015.5612536 -1073.3812606
-4797.97790818 -130097.023945
-98789.621541 15310.0145407
11536.5936815 -91759.9067699
-24292.907635 -10898.215212
51535.4398408 67418.0583287
-74506.6852928 50061.3405164
45975.9671442 2894.89221853
68583.0646025 -111078.041582
-96058.2008422 -49663.914271
46384.4985786 113764.380974
-21107.5344903 81650.7263559
48521.0800827 -47804.5379633
-86124.4242846 -83985.7829508
76982.1721684 -117089.089162
60257.0668187 106226.78719
-27958.5655062 54377.4194171
-41508.9607855 83190.0953592
57557.403964 50132.9283049
-125542.275062 -21220.6517852
-122254.39991 -40689.7161931
39162.5554797 -107449.393747
7721.96816658 -37004.3216281
-12048.8524886 47488.0759358
-20839.6255734 48406.6940937
-54670.2838934 13843.5936011
-36680.8393232 -150767.211647
21288.8653971 -89872.0223665
17056.2230015 54177.7029126
11676.390243 56138.7689952
72375.0812514 -86204.2520953
41808.9675704 -79815.5661959
-25684.9090019 -145424.278541
39599.7775605 -3684.21943451
-84581.2733131 -32140.1291664
-48383.4162355 26489.0108399
-3247.14293061 79607.0393276
-127249.957496 -52541.9597807
2230.01525097 93731.4856577
-59096.4975559 23037.2780566
-88646.3686947 57332.1143929
70915.679895 -81825.7990395
-81816.4713276 -146950.344245
38128.5610812 70754.0966416
106761.843696 9075.1934477
-18080.6040101 -109855.169603
-33473.1208627 -19482.7061913
26957.354037 30698.6019212
177239.384756 32813.1122886
54418.8766528 162589.993224
72942.270296 74748.8914964
16397.9230453 22540.1540089
54522.1661206 80828.6471924
51359.3292477 24772.6910642
-8686.15365583 5476.16569232
36240.8048362 13820.5338664
-107107.045388 30615.3900155
-15385.4825554 -78154.9266754
72028.5813426 3714.50402796
45825.8915224 -18454.8158526
-18724.1428854 -70530.13551
-100433.638121 563.316013875
2704.0430642 149026.394489
42495.8188121 -160497.705476
-31180.8581417 -14018.1351798
36594.5786906 59097.8152717
697.91857924 -52235.1574556
-22198.5712659 49538.7200294
-114027.509984 -70535.6441826
99856.7576399 4936.59666462
22871.5211819 17400.9569503
-71317.0123855 -44805.6588365
1782.74101973 -5829.63658144
-22986.8864589 -30163.5577731
-27471.9378581 -18392.0660683
105625.983529 75367.3980559
112463.899338 -79397.265718
-96813.7288403 -43669.2487476
-3941.61351902 -94015.1563303
92316.4315318 10045.5337329
-25241.8258681 -111843.280913
14738.2823126 -24693.969746
74623.6559476 -4201.13674881
148175.412895 132560.840179
5373.88210748 54595.4397027
38852.4765753 -52632.6742262
-88073.2136334 3852.3804635
59073.6151602 14973.9844633
73106.3085834 -16198.3942281
76920.3802148 43530.7022462
-18717.6660915 -28063.3293334
-9926.25377563 45152.0637986
-24364.5320677 -15088.0808569
-35966.2126654 -38122.3171176
-13025.9514872 71021.1232202
-6098.07834097 -68161.851845
77332.3940139 -1127.05221196
-103280.358865 -55157.1650209
-10062.0774772 13159.5362749
-68941.0250082 -156664.312863
-58717.5602669 39250.678972
56548.7983192 22536.4325009
-14509.7926393 -66674.7773351
-72927.8985855 -116560.411498
-78781.2305315 -103948.703576
-48652.40282 62395.2819873
-27065.9848402 -19306.1310345
117067.171021 -125232.662987
30749.4674689 -70456.7132813
-69538.923768 -44880.6279244
48165.6250553 118173.4704
-17850.7597375 -7173.05802038
-86477.4074607 60322.4355886
29648.9477285 33142.5150927
42294.0523342 -69581.0453304
-81602.4960318 83961.6192626
7426.31045992 -121813.491986
-14378.5380095 -45599.3353698
99401.9539218 29080.7413358
-6697.12507386 134320.477483
25174.5413165 -99838.8553111
29072.3280835 17293.832982
-62597.9523286 64408.279338
73283.9148954 -9431.16984401
-90785.672799 -129047.118797
110022.521304 -80787.0945822
-13065.5305211 -69174.073056
-39007.4872235 -120042.648112
-25746.2622349 -23029.3133238
158598.988134 6264.19191907
-190318.058165 766.650775088
157309.75979 58975.1190889
-34128.3653468 -93610.1434248
95022.1085979 -91302.3615231
47096.3870049 134729.99969
60592.7438308 26534.8157443
52525.4889004 -122069.484101
-8227.73117853 87749.6084693
76267.4507635 47742.12059
132995.435259 43920.0333
51151.9821697 -22323.8616403
-78441.580122 125380.713478
-64446.0600365 4469.87657233
90918.0130399 -133461.627223
38072.0751104 52952.6905516
-4928.97951377 63787.0672598
-1086.32465045 73853.0444417
-100859.912593 61832.8748097
-22770.9442907 -159678.35561
89401.1037881 -19825.7712927
-44703.9115472 58102.8622123
3415.36895882 27321.7917078
1254.16416433 21152.5295663
8882.47248194 -12314.7939951
-46666.1006335 9634.11078038
45420.2539847 32646.6082364
-47389.3088116 -187492.129012
5865.38983311 -25924.3785668
-34967.4080074 115051.120347
-47912.3870874 -2657.28783175
16463.3134456 16635.1889952
49008.711538 90761.3475527
-5295.48072249 124715.641782
15010.9507353 99513.4213263
59690.0296662 -1447.805301
-20489.9841655 -91872.7267242
-19950.2977304 -69944.4217367
-12321.5276668 38142.4742123
-43294.9776555 33368.4598717
-18939.8213958 -90168.847199
-85861.4888838 41197.6077829
-23613.3453892 48983.9083279
98007.8752655 3668.98215644
47373.3580576 67079.3378745
24711.2130999 -253.609243918
119600.531365 -77015.4380323
-25385.162871 -6859.84460254
-69176.6410552 140357.260762
2963.5247531 -34880.8921348
5390.21307473 41355.8497313
-102004.391343 -39112.8720788
77596.4927158 -79519.4165199
7311.36092898 -46314.5461357
-83036.3915221 -72870.1632066
-124438.971425 -42192.6028292
-62373.8027607 -70016.8779018
9925.13017813 101047.863052
110350.168087 -7521.48643851
24342.3083292 -179711.359523
-88708.4164901 -30761.8778087
-28050.1433402 49282.1676846
-45481.6468058 -50324.8871423
-39503.6638614 -67523.7315102
-30059.689869 150379.328626
41653.0474352 -22375.5906809
-58804.6086849 -40819.9624263
67824.7357482 18103.9978557
39803.3207917 107193.946216
52705.8420769 -6752.10971789
67209.2878315 9791.44406476
35745.329745 54066.1480997
12219.8916497 46063.1217022
-151300.364928 13825.1500874
-20962.588358 -143084.598502
12753.2050549 81050.873811
-84956.1872457 7963.90451598
-18219.8770713 20339.6518232
49192.8646269 9091.60725901
1453.06123447 -47790.5345908
76676.8642193 -135361.297216
2012.1066132 -89992.8853638
30255.2723125 -29424.0108973
-3811.53892138 138971.113435
4792.72604629 106519.236168
-19764.2601564 -139096.406144
17562.0067366 33047.8923513
-40168.1942785 22633.9752345
42921.1058505 -85391.6445932
-12957.6530038 -64629.670373
-151790.885513 138395.222027
3282.65458428 -31199.8001266
20159.4849841 24040.8538201
-47450.333689 97792.9579788
-80454.1490078 99338.1373241
58571.8389048 -27474.5681529
-69038.9531574 46863.4852688
-5951.64423758 189869.176288
-14377.5572911 -92581.6468828
-81038.999746 65145.1958445
22211.9872699 -2992.46991933
106788.478828 -26133.2977487
26878.9650486 -40440.8406579
-34687.4789834 -61620.4008523
36888.7333761 117240.037733
-93451.1375069 -82673.7982708
4231.51796223 34130.6440421
8526.17384196 18287.5375289
55751.106743 11304.622006
-154157.678211 18310.3317343
34496.9763065 -60066.4164231
-16206.355102 20805.3276922
34223.5827645 -46387.6296172
-68161.5218314 -199066.118987
25289.5543097 -31813.3577778
18655.1196666 80181.5946622
-23270.2996373 -46946.4496698
-40289.6288192 -115355.51
112240.439037 -4463.86889149
-115380.884015 2108.7597028
-43662.34007 838.242631331
52368.3498898 79346.9476495
43084.3499443 -86173.360579
135594.648024 -159958.760508
41362.1648874 96889.7363154
-71803.4834016 48278.5176541
97470.0884688 -135916.924921
-83415.4810235 47390.6837216
-30488.0136507 -24655.3330422
-12100.7783934 -128492.176694
17356.4136551 116937.989322
26112.0058906 -118435.260828
3435.88833342 -71814.0239442
23286.854486 -39933.3501851
45230.1651008 -141034.526006
11700.7785309 86907.4430381
-19398.1018367 -105432.270149
66108.7737938 29870.1305453
28177.467953 147564.47965
16163.4334677 85392.4643118
29353.572006 23835.3788168
16839.3405558 -79372.4241791
-49172.3431334 38199.1246153
45199.4741655 -44802.9181888
-36135.3395756 56545.629681
35958.4838295 9330.6314351
-79094.3877458 101416.718979
78029.2292922 -64089.9119997
116346.831256 -134993.42298
-20108.4189924 34334.1157745
126495.43697 61880.9962626
-55104.6381728 -22938.7452624
127154.416792 21534.0829937
46950.0829947 -90739.8771568
46715.5747837 157874.428397
-111254.366396 -74854.601676
37182.1213971 -24757.7544293
-8700.8840076 -93551.7082782
-10556.3497863 -43543.2241848
53010.2761825 6418.36464753
29117.894818 -137698.267786
95613.4112106 -3072.43450299
1675.22418949 -89431.3578108
-76676.1659267 -79.8530763078
-27271.8777954 -8461.12657258
46103.0211955 -76200.6319504
15738.5837 -73092.7993508
27345.2606275 -31988.7966254
-99322.2504712 27583.0374323
118070.105664 100728.910557
-77736.1828791 28173.6068093
72833.5751787 -24105.226298
-12022.3164854 -30490.2582146
53456.9253721 35854.1086425
24294.884473 76672.1530805
-40988.338448 42685.9361048
-79509.9379376 24190.661808
-28251.5759239 4887.66567947
62476.4202845 113637.229785
52130.9426964 -16527.1270158
106984.149117 -65300.5630105
88406.1519843 12426.7321745
5032.17101804 90534.8254867
15417.9263935 46230.3191612
-87748.8512234 31856.0096276
34886.3529621 -50158.919357
132074.003502 -18050.8341733
34710.743792 59763.5613865
188950.422346 -49035.8551401
35201.0318382 -105031.765634
42308.0427195 50189.447646
4265.36084158 -20477.8800412
-45728.8811987 -55093.8631036
26253.1195868 129736.083149
-106449.040209 143246.319721
83078.131643 26948.7454912
4443.89789249 -42557.2221625
32255.3280181 85686.7826008
-28040.0364007 15364.6047948
-132148.998527 -73495.8261627
-85574.1449906 21875.2846883
31498.8875755 10068.7458075
-23187.7138199 77017.6147972
-114526.947319 88445.4079427
60629.8266505 -30859.6300405
89292.7815073 36647.9292983
150131.255832 -4589.54458087
-81101.19395 -88620.8690693
48237.3344499 16736.2692299
-81955.215668 -27670.1203895
-28311.5022317 -39388.6167597
142122.42181 -42993.3566397
9159.04347771 -8743.89667622
-197.600514084 -61005.246007
9914.85666736 -50908.88469
-6725.08636726 148987.385518
-64754.1661374 18298.5194776
-54642.0654711 -45577.6455802
43871.7472735 83966.8110729
-27045.1154462 -46154.8334663
27171.577961 4952.8629288
22654.7377169 140875.018599
-87518.0308139 -76297.1973294
-76231.9350657 -29585.0031712
-7188.63274677 35238.0933658
182253.590808 77001.6155135
43143.3017696 64826.6628688
68625.4546335 26684.7342125
-81353.1047981 -69909.3650956
75420.3957696 105418.937264
24777.8248476 123485.63603
-98462.1879614 27955.1105696
-164015.457317 -38848.4850121
-154853.789459 161310.079843
22873.3527917 48658.5608378
138427.931708 -25526.9918707
160420.137226 -992.312234943
-53624.4670687 -30958.8974909
70965.4265578 -23836.2071451
-33181.5433154 89260.0568545
-33501.6416875 -34521.896182
51754.4066867 22057.8990841
11813.2615185 31501.5232154
58655.8119536 62247.4798116
13213.1659212 36839.9803127
-160732.027939 -53778.8285365
557.968359146 66615.867973
-905.978705145 8009.55577915
46731.321175 13150.4389136
12700.8464158 47237.8990696
44279.5930432 -84207.8540733
-6043.00707026 76084.3811169
-66397.4028336 7975.57845395
5973.80332835 -162097.585374
-3002.48505812 -140998.713725
9745.43605763 29568.4801884
66340.0058912 -25555.8727503
-50258.029025 -14399.2132072
70781.3520671 -14890.8576343
-89550.8576061 -51158.4364041
-66824.8869158 44858.8960828
16069.6675961 26425.4330334
-23591.8315694 -23198.7240473
-62898.7418553 15948.0341308
-4760.46626546 -78147.3057826
54104.3671473 42839.8117245
-55954.207239 12723.1156156
-12746.3082928 -30522.4757456
58462.2352319 -25302.6027012
31477.9967544 17553.2603857
80608.8959195 21864.284614
37926.1262124 79883.4654423
-70218.9559547 -145032.355691
-7292.71204023 -49095.2025881
128238.139333 -12099.7668428
-6978.452643 -21891.3256138
-1278.04981514 -11059.3436187
-19854.8345115 -7367.72690952
3658.89194105 113377.354745
92325.4054053 83754.0289961
-52194.8985003 30820.986451
-106681.158846 -33982.0114628
-33500.502733 -2556.33132572
31672.0388557 59104.6223229
-121207.475448 116072.733348
71557.01986 89960.4716836
-34788.5608115 68585.023344
-1850.62764594 -31601.3283315
-12254.8644809 62566.6116278
8417.10315231 74048.8017581
-17307.6323279 -15389.1398921
34852.2762965 82378.8162979
33770.9816836 17347.396805
-64091.8740428 1787.9770944
-63130.2225912 32179.6108983
-100440.813083 -34692.2927532
56392.0812652 2065.12163913
22067.3848387 -92415.9632231
20603.1863061 -9190.12549544
-47399.3597537 -60851.85934
-46975.5408217 -140054.843805
44089.8258948 46153.8948653
16895.6655471 17790.5068053
-90353.1571803 -112070.789972
-12535.6504776 -39119.7189285
-93478.2519554 70417.035434
-69405.9095087 70995.4285636
-53389.3479635 -13919.267242
-30914.6008721 -61333.0231971
-9359.19014147 62098.9241127
-33368.1876603 597.819254695
92280.3500187 14532.7913151
-45909.5566456 -8806.02849031
-181822.469197 8922.81946135
69692.6312639 -22102.8631837
86021.7073186 -62868.0407721
73045.6545929 179863.359436
44028.0326486 -53679.9142145
88904.8999944 -126513.886457
6863.29698237 20389.1921188
13641.0306493 1668.98348324
-56733.5457773 -28789.0891977
-56958.9341224 -15640.9467521
24636.8562354 84820.2570795
36051.5747711 57764.0781597
39346.0940892 -65128.6014132
-4961.8787266 22781.3366683
112366.266137 123884.63498
79773.0070238 -26110.6437785
-86695.341658 64705.5642038
35011.9726087 100895.428251
32231.0306817 -25979.4214188
-401.26392663 38810.7891524
-2453.62918015 -41740.6210747
-29913.5781851 80655.7874109
128479.69288 -54100.9338186
25369.6911438 127112.630243
-37138.070237 9904.38814922
-19545.3782454 -59512.7978125
-102312.963203 3291.45754919
-153551.183279 1683.08565414
54614.1842968 57895.3991209
-18726.8403331 36015.0710853
-62166.8980973 61966.9532919
-38549.9496856 -37905.23729
46831.1182198 12453.6837129
26583.1942986 -13252.1159734
-24872.4382935 -124365.684408
-128787.822057 41020.9234468
-20088.087524 25897.4792116
-99828.9683157 29873.9060077
81741.4825529 -21031.9753915
-8632.92564762 32494.9580312
6243.17930877 -47503.2469758
81614.528514 14666.0893209
-45326.8657291 47623.7459418
-30032.0812509 33505.3530148
-25594.2008424 33803.312726
-27906.2660371 58154.9402503
71416.2976274 -98089.5044472
48183.1136859 -74413.2115177
38933.6701118 8139.90682364
107424.972324 -70180.6557291
13072.1405011 40086.7511676
23853.4683487 -56576.1773697
-102273.856752 -59272.8765842
12370.1101372 100915.789358
25412.6689026 -54056.6102465
40412.7709724 37068.2714189
5718.52577699 124611.478728
-57314.571177 8689.50430572
-7200.13692425 -173163.851435
17168.812352 60186.675338
10961.0952314 49574.7943216
110428.759695 -105132.68244
-18063.7950864 102136.163444
30557.4050989 54958.284673
79135.0569179 -87414.6006769
-50527.1107301 -77633.2176659
-59223.0309258 -258530.74622
-2188.31855392 -5545.74430158
98453.9933387 23322.056696
37697.4149634 -221762.544842
96258.8630432 42668.4620065
37485.7929881 -113612.410981
-1141.59985787 -43758.3246524
9875.98689447 -17203.9961216
39449.841758 -155668.705511
-93037.5907449 -122777.468829
-66832.1388573 43582.6229472
22212.3809635 50032.3092553
79760.9616975 -136913.662858
-9830.12094266 63967.1854986
55805.6389965 59232.7094272
-24177.3570602 79852.2455466
-48458.7249152 -26837.1993009
86274.9131516 -24853.3727994
-21697.1189627 -4678.41094437
-56932.0961122 15723.762384
14553.4577809 -94877.3708291
-102429.621923 -22844.4383379
68925.3518796 -10865.7382485
-7556.40512215 -94285.258198
31345.1138053 13583.5785735
-42188.2382465 11009.5775326
66602.4384341 60880.8155528
-2256.87601628 68305.0196266
-125797.582476 -26826.1311649
3056.98644221 -19255.1212172
-21147.6281653 77015.1831056
34888.9411763 -69023.7517183
66964.0898903 -168131.637899
23348.6735378 66365.4226365
90187.6500728 -67582.1363881
149888.283053 16798.1830595
-7938.73254932 32282.8987961
-11660.2370702 -105067.411129
-16379.6744024 -73980.7052218
6535.35653253 9275.80402312
-121541.310213 -53498.1370544
-125777.227924 5479.61789156
-16528.7691288 -7255.87920088
121292.122755 93242.6378728
-48771.4602221 -119266.322758
-76092.9158088 113290.19677
-78009.4022626 -72938.5003171
-26476.4066794 10027.5234549
74285.9268273 38351.3098604
-46672.4714473 32421.7540005
9667.14206801 81598.9673655
-36837.7717111 102011.417348
9330.31822365 5669.29162898
73605.8833953 -87999.9611516
-49321.7961489 37358.6418331
66541.1292602 85103.4071145
13620.7142878 54110.6402211
-21585.2661705 48459.1288549
-81544.7154376 97177.0431101
-18122.7388667 12979.3985868
-10918.1800966 5507.62520678
-58818.3076777 16022.6171736
-9775.08156091 60704.46688
2457.40765654 43535.6561002
33969.2735783 -11469.1269581
-97253.0522198 5785.19128893
-44218.6585921 -5722.48079121
65522.1375393 -113124.804119
67068.3292541 -172681.721959
14320.1246325 93830.0385759
24085.6458196 164496.344891
50198.4039233 -14784.3672743
-76839.8240099 61176.6615208
-139212.297217 -30792.9174018
-22198.0885335 -11140.0372512
71792.5747963 33137.2426203
-68322.4647128 -40136.7575752
35958.9935689 -76664.3214767
-122209.202577 84354.1430206
-18385.2598443 52108.7526326
-70495.9852795 -29087.0363819
109145.943387 -74067.4286554
-93042.9378081 -81214.0963485
108972.576265 8911.62888535
39091.3063874 7382.03942643
8208.50969236 -110711.017547
2884.5264427 -123036.666244
-7663.50885677 86891.9464211
-43631.8764143 -46802.342221
-38753.5228665 -45508.6921649
-61715.5483441 51950.4668043
-70714.5577594 226414.815318
-24556.5884188 -10085.322185
2597.13721418 2179.24726441
-1899.99090279 -44885.0686693
-3641.24713658 79641.228194
-15795.2035794 83180.1668756
-32146.1659288 63729.0041307
161490.239117 36572.9320042
-27104.4178524 -66972.1343893
-78173.1209998 -126439.147863
45244.1287139 9322.69038139
13414.6340543 32812.4556952
85470.7777397 -54062.8532498
-94575.7869508 59029.2603583
-74310.7884521 -66163.6434837
-74378.7077715 -74751.4151597
-89146.3953317 -36178.9333257
20781.7773728 -58822.5170362
-78357.4764027 104389.349701
-83899.6065383 14995.2583388
-24052.730525 116256.263671
19480.7816768 -83802.18307
95651.9356437 -1204.8954109
-35517.5514168 -7310.04878148
-23256.0133841 -84619.3888106
-138.413189344 -58659.7362415
29270.118378 93436.8733659
24435.9421608 -36755.7600507
-90916.9182829 1370.84500341
48100.7034949 18838.9971168
18547.74934 84169.4968057
56781.7361665 -4268.69258103
-98592.6143998 55172.6601765
57178.3605738 -39635.5631518
164369.619632 12318.8640917
-11817.573199 -30367.299761
-34381.5916068 7445.12112955
-92553.273232 -72353.8005706
-46038.7276168 149537.968344
-79307.3355743 75332.8263249
-2876.88247422 12993.0680469
-105231.886169 61279.6126615
31648.4780674 23646.0457548
63051.4826654 -134484.151865
-26606.4234825 32592.9464404
14914.1360947 8728.06433692
-73329.5705404 -108206.653902
55501.2724247 45699.5537606
2166.26793149 82656.7013006
-35537.7050326 -13274.6797735
-111341.476154 -53308.6084383
-4345.16083422 -2685.82285491
-127217.291064 101145.440983
-25703.688035 3039.00255122
40271.5306757 75782.6964971
29832.3544333 -1160.35494267
86910.5188834 39617.4901816
-169560.496704 98349.8656656
122946.798663 -28705.0312375
-10736.3554666 -11720.3853447
47972.3810264 -12347.9333283
-80727.6820178 -14352.1968747
-8329.43774554 -18033.2994412
48424.0376527 -50452.2515567
-93116.6407928 29367.7043225
-110326.900284 27307.2650005
-103248.41078 96954.2942688
-79800.9355615 -2004.44222014
114165.927306 95565.3087483
21563.9495316 197320.054676
50293.4676354 43713.0288129
-56928.520952 69435.5901599
29985.5009327 -148271.49777
63879.3946499 -72515.4659519
19959.1691801 -87954.8570478
106804.110536 -19144.8962913
9019.10309321 136355.683981
2236.07533913 132892.104149
110473.686801 -32139.3428827
-73838.3980898 67291.0438235
17850.0266958 23015.6614219
7670.81536362 -96418.518594
-54295.8178811 70876.4539374
71686.320512 -57223.9571156
320.995236453 -22113.7461002
-1612.34370735 -4087.93775126
-56883.9988972 -52997.9749325
-130304.544393 29497.315449
-122428.068368 49068.3621839
-36572.4297019 -82261.1942257
95429.3977519 -82276.5866086
64671.9670947 2905.6049068
33140.4142719 149942.690666
6906.03850909 -42662.4383323
39878.5691126 -123170.71841
25832.1350164 29114.8041072
61800.8611944 -24951.0565221
21137.2549516 87993.2497959
60120.0945548 -104689.061078
-56578.1576514 -57420.3718675
-93052.6228796 10538.3165616
-108666.608371 31539.7886847
140176.781924 50125.5964257
-91915.6346046 33518.0577563
-2004.71782068 -121316.731887
-127053.309653 64193.9608353
53715.6616503 4697.17659943
43840.1252557 39269.1929113
-46966.7094707 40389.9809612
16089.4450444 12142.6720788
-40164.1655625 14091.5921877
-61847.320085 -33770.2764667
45161.9560074 -137939.971738
8237.6403894 167484.750787
-15989.4351282 100510.968798
2133.64877434 -33412.7035011
-47447.367789 -21057.7592522
9868.53752576 -160393.876115
25231.0128163 -69912.0894746
84290.2068838 34186.662123
8703.5514252 -20284.8304668
-12720.0448602 -2983.17506111
6046.87318585 28998.3555234
-144029.168763 24175.5294911
138136.977123 55893.6417489
79155.5435099 -118886.321671
-8381.08063361 51609.2499558
-17323.1896929 -22708.4127846
-142851.249084 48621.6349843
-128850.28515 -76019.1821562
-29407.3744881 18098.5238474
-23393.5569184 -22459.4986499
13317.0795007 -62166.9869845
-22209.7928991 -93374.7975026
76150.7342547 -83925.1342666
-45121.4039757 59192.4286696
58954.6250084 20588.9294934
51622.6900091 -20316.4029774
-28458.6939458 -24249.4596874
-4930.049777 19895.713368
-45786.3831937 82203.5958549
-75595.7246302 86617.0812125
-29309.889364 115024.544419
-54179.0008734 -10165.3895724
-68187.828211 -23394.6140407
-102589.200989 -27230.5566635
-70830.1544154 2983.97208737
10835.1032982 -66452.3059685
-24752.8633381 -30949.0625985
7705.59974125 150612.557181
-35441.1455959 39032.0989862
110572.969169 -159683.507704
-9615.46704049 -19026.029252
-31316.6817392 41682.2241694
-45723.0522503 107807.627927
10219.5235983 63856.2582628
-7479.13534275 11714.0390866
-40846.6438578 67358.627662
51167.7393956 28943.5613368
-27484.8377671 -114755.443684
23867.3703077 -151321.72237
69372.7485586 -83568.7085038
46215.4661711 97573.6285692
-30055.4599185 -45111.6538668
-29945.2899779 -13691.6996749
-39169.0758105 -39830.9154164
55771.3826897 23586.5218794
-72094.7067768 -20719.4384251
10360.2863556 -22291.7606293
8312.76607895 64152.4347269
-11103.1379085 -31664.0869519
-27191.2927301 95855.423845
106440.082075 89683.4538703
-111132.369978 -6366.1421945
35163.9533608 -55943.5514757
119050.942556 -96705.2041715
29706.6522569 -115771.571349
-36366.4703617 -22663.1147942
-32188.6216694 103752.526823
-4718.8236666 -25724.5706001
116059.480647 -126545.048249
67870.0783035 19752.4593915
-30529.3669716 -23541.0980661
75865.8353493 43951.7057338
52115.1327856 1984.03755657
23729.5122383 9564.06188302
35722.18307 32655.523034
10887.992858 9979.73771138
81383.4621356 18037.9459149
-353.568472837 973.284277255
-17703.9785809 -91424.670141
-94041.3772978 -54530.4952532
-56275.7210243 107229.025288
-111443.468231 -69080.5937932
9773.04468014 51611.664915
1910.35535613 84801.7495882
53905.8199252 -6473.80164446
14198.8494733 -31219.3151291
65905.3898184 -31166.883505
4780.69797239 -13564.8789244
-133490.934854 -42877.429939
-18425.2618979 -21025.6074274
-10059.3583905 -42533.097735
103884.252108 -78570.0263153
91936.5389485 -81401.018674
105690.86067 -55217.3646701
39464.7223331 3360.6242527
-65433.653378 79387.4059705
107206.160576 41219.7703451
9575.85613778 99563.1657994
60703.9713351 -59275.9353002
-13388.0397228 -106189.535726
-50112.8406738 -25325.9464354
51270.2311914 39441.0427795
-49214.9047581 -84015.0513567
24676.6243619 -16456.2718741
8278.72279733 -42669.7975004
42735.8902036 72416.1092681
50054.4827325 -44809.1246116
67125.5899007 20076.2571265
-86949.7262297 -9077.04526559
133983.377451 -36263.1716516
23320.2110434 29944.3526835
48542.356892 -9491.93625904
97374.8678736 110321.795259
-97337.7321033 -92192.8856731
-95748.8324834 -82640.5618958
81258.4653724 57803.0974779
11628.3823283 67245.7980944
61333.4579429 41384.7403606
19988.0092944 36740.1552861
-20938.910179 34430.4779976
6185.82606407 90810.9958472
-46916.0172484 54387.5272861
2021.99239543 23397.9447832
-45145.180116 -136620.228173
-25193.4108406 54276.7048229
33848.5295232 140458.199024
-11349.6167746 74789.734991
12261.7416294 18187.8440769
-71133.3532141 -78344.2739987
-60857.8028352 126069.131902
-45980.9976696 -17125.6525097
90422.2455187 111441.394678
-7334.24521708 -14858.8148261
-15946.5557086 2052.79896314
-80982.1992123 84219.9994857
77980.0014573 -66534.1059714
50404.5845159 -113772.53458
-4159.24046376 -45398.1351252
14716.6131557 86420.8623729
-63129.9734735 -43164.5288568
-1050.18325138 145334.112546
61446.1328846 -111646.26562
51346.3844487 -63759.4076117
-36227.7272904 9790.28848027
18548.9721729 -32683.0095132
-22578.4526211 -35421.9357943
-132511.190588 -14513.1662214
13766.2713453 50321.7709721
-2813.6674692 -2492.63097586
32808.5402404 91820.8601597
37110.7414556 -49538.0226682
71541.3093852 62008.8743888
56481.829541 -24842.194935
-52194.8212707 -32119.0931575
60652.4620659 108475.123794
-116971.165565 97685.1452856
8039.71868052 123675.73258
23601.7074461 -25677.2980011
7513.57443677 -34120.1256147
-23822.3739651 107279.037729
89564.8626969 18271.6133529
-16616.6897728 -30444.3449301
-43422.7184098 -100816.75221
-50017.8283072 70134.4926381
43345.5220766 24281.5162473
-61180.0078949 -73494.1692079
59126.0948292 -55210.0340049
-13040.6721816 111013.593752
-7590.85945825 -142456.725163
27463.4275591 -55352.160107
-53617.1267896 36059.1991756
-87661.7328416 77176.3202967
-71161.8944894 -8210.85678472
59968.9732907 -9789.89088594
38033.0499497 -36265.2107106
-80872.6305084 -42312.0652014
36383.178954 -112192.392651
-15663.5515202 -28177.3996062
73040.1549375 -49054.2892426
666.555218926 37970.6560998
-29198.5611366 -114284.517888
-67633.6062096 18854.066454
70944.8516427 -65081.5701201
-24196.1351425 -7936.62773037
35261.5241146 20514.4606809
40682.54269 45703.0806591
-4527.15974542 35824.6332532
42675.2147005 -9370.76196196
11260.9557391 -1786.6220707
-54467.235278 47700.3903476
20480.6188036 -66440.7689074
2242.66093506 11654.0399534
-15203.1709731 -95568.5925374
-48558.5411003 105846.40739
148686.516767 -56074.3697601
-28757.6856928 65972.2215953
138298.495178 -90363.7448583
-14972.9622445 -73726.4205723
-69653.6654189 -8924.51323566
9428.93013834 30020.969997
-63130.0926572 48771.4217947
-130713.610185 21803.6766169
-26809.2661464 66539.8101037
92113.0942269 -23906.5204654
11499.3853714 -56228.7122902
117258.335918 43614.4818796
50149.6086473 25794.0046535
-119610.859589 -143253.917726
-30739.4680412 24402.1232604
-98254.8065216 -130571.108577
-39910.8974097 -22890.8494018
12400.0602127 11378.9418576
7885.63634564 -100030.766014
-8557.52938672 56352.5654925
-49756.9008064 21365.8817609
57720.6257735 161571.172535
-32161.5120789 -121687.782745
-44577.4380672 -47795.4556801
54756.5802186 -3154.48276922
-3097.35564186 59430.1549871
-83825.3963174 -89241.8028303
-94220.1914226 69329.1779946
38948.6163516 1288.50612298
-21890.1455795 7365.04866016
14981.0868286 -43686.8140468
-31268.1921396 69751.4359261
27803.5687917 -91497.4526384
29831.4207993 49084.7795375
65707.8952136 -146477.74076
-32686.2359843 -27934.3562917
8336.46284043 -189952.860571
36356.6843844 -92289.5443883
-65479.8739918 -98833.046046
-33475.0789786 74365.5015307
24959.2993506 -146254.240422
-6408.33789403 112383.633491
-5137.08521778 12988.8738653
-77683.1839911 2908.39618297
-43026.0175351 -70681.1676124
-71371.3195483 10683.8615008
71893.3748792 45569.0455666
32982.0992497 34520.0019522
-63064.8439704 13131.4280532
51096.2231558 19948.0780433
-41916.7479595 130993.702794
48648.5909534 -24087.2900077
7017.89333984 -67957.3748134
55700.1545281 -54260.2065954
8449.14688469 115428.859221
50782.9157593 -198368.238569
-75092.1932771 138.320081043
83571.623415 85410.7499264
-12903.065753 68428.2991042
-72909.6814216 -42649.7306655
-1024.37620038 36198.4256974
40927.2133726 28510.3484834
18718.7427954 1941.23365443
-13887.3288132 14485.6050717
63819.9319815 -53170.0575189
-4245.1538991 122692.68108
82544.280882 22067.4872213
32472.2875718 -121696.159869
-77192.4722718 37714.3339696
-36493.6272231 -31092.789515
-37427.7460298 37037.5570404
-8835.82425145 -19777.7517397
-8775.56426954 54323.5490832
-44388.2780287 -30507.9186333
-7333.18386479 -44113.7798825
-85032.67605 73887.3134654
26591.0649676 38584.9690603
-14380.0847618 57870.8150724
2134.69667574 -170035.417874
-31944.9573398 32721.8290646
120960.538227 -64587.2357856
53353.4467508 -65216.7312211
-14892.0757035 9391.44205604
129291.294911 153692.911436
-47767.8965888 35822.1083917
15646.6282123 13366.6437312
76466.1430586 6555.04912294
143589.684869 113457.958592
-28008.0530353 -25999.2847192
12881.7139426 -8438.15609499
-10686.528734 20024.0683994
-34288.6372731 13808.0027146
4023.27926295 -85900.0966492
14026.6808367 44753.1248384
-33113.1594475 -67948.1200171
-36349.6424435 67861.3105236
-115228.579526 -131768.493955
56316.927699 66399.7544591
-50160.7486092 -13985.0094874
16002.3849453 -43237.231175
38252.9445768 -119363.371807
45345.6792227 63462.410723
-54052.4871265 -38917.3439595
15814.3007298 64231.663516
18682.1342551 4809.11956446
19328.2235128 10088.6801056
-19268.9056533 195262.541458
-21619.5616797 -3780.89840703
-46271.500451 -50831.3889879
-125039.160176 -133299.76431
-55750.5878809 -45087.5722484
-23172.2978498 -81068.9772022
-62482.3823678 -2186.0706508
-45037.000904 33450.974784
-62112.8754771 -60718.7003764
-47873.3160725 -59516.7764598
5479.975556 -29824.4278315
79786.185004 -95293.9591998
-54503.5818914 111897.092521
128842.94635 -18597.53154
66587.8038232 66245.8866375
30195.8614293 -87037.9311498
-147045.929036 -41767.4430296
2874.50851717 84672.8987029
586.575825934 -56677.8715768
94212.9214318 30731.452934
-53473.1945904 -19987.4943034
8827.5552708 -60247.4502417
45690.0927192 37992.6344882
-75082.4293465 31081.5736025
144057.292202 -36334.9531737
-37153.6878742 -1249.9479405
-54892.5338968 70345.5680623
15509.5206924 -66051.915496
64199.5955248 -32742.5456972
-17043.5166008 -71047.8852319
-17861.034993 -41483.8774389
54821.7428315 -147145.446508
-22606.3634876 -9383.29454199
-59910.6033802 -80249.7687952
39577.3671518 99384.9088171
76556.4091612 30399.4635447
9465.33644579 -13038.4482235
45244.1501031 45792.1383848
-34580.0186779 29183.2348302
-40478.7446927 -93845.7522292
-10437.1676496 37993.0018969
32388.3045207 37446.5264945
-141968.072189 72112.1641988
-137868.374757 -69694.5114259
81234.0577558 -15850.7749459
30236.3010811 -16234.4152295
-4410.48783569 59779.704157
