253.5 148.5 
126.0 188.0 
213.0 123.5 
364.5 320.5 
304.5 286.0 
166.5 139.0 
100.0 220.0 
264.0 196.0 
22.5 116.0 
174.5 262.0 
477.5 372.5 
175.5 309.0 
496.0 316.0 
219.0 280.0 
77.5 127.5 
23.0 194.0 
273.5 350.0 
33.5 204.0 
62.0 229.0 
254.5 273.0 
6.5 60.5 
474.5 386.5 
104.0 80.0 
388.0 238.0 
405.0 387.5 
195.0 196.0 
58.5 156.5 
211.0 303.0 
369.5 320.5 
55.5 240.0 
8.5 218.0 
395.0 340.0 
335.5 328.0 
58.0 152.0 
12.0 66.0 
404.0 363.5 
28.0 117.5 
12.5 95.0 
482.0 413.0 
377.0 262.0 
328.5 309.0 
447.5 308.5 
106.0 94.0 
332.0 366.0 
25.0 32.5 
480.5 382.5 
432.0 237.0 
396.5 428.0 
485.5 423.0 
184.5 245.0 
377.5 304.0 
328.5 273.0 
169.5 314.5 
165.5 304.0 
337.5 283.0 
380.5 391.5 
29.0 233.0 
455.5 319.5 
477.5 268.5 
428.0 405.0 
29.0 163.0 
425.5 338.5 
314.5 311.5 
486.0 307.0 
325.0 235.0 
465.5 269.0 
328.5 187.5 
130.0 187.0 
269.5 213.0 
109.0 109.5 
393.0 247.0 
428.0 293.0 
405.0 307.0 
482.0 345.0 
463.0 255.0 
164.5 316.0 
171.5 252.0 
94.0 130.5 
216.5 210.0 
336.5 373.5 
137.5 244.0 
489.0 469.0 
488.0 354.5 
262.0 344.5 
127.5 177.5 
429.5 403.5 
263.5 291.0 
7.5 70.0 
360.5 317.0 
69.0 171.5 
248.0 202.5 
124.0 262.0 
289.5 211.0 
494.5 403.0 
144.0 229.0 
227.5 236.0 
484.0 389.0 
313.0 236.0 
227.0 280.0 
443.5 345.5 
494.5 328.0 
472.5 283.0 
29.0 170.5 
74.5 224.0 
153.5 94.5 
260.0 316.5 
12.0 42.5 
427.5 351.5 
111.5 126.5 
370.5 219.0 
450.5 291.0 
465.5 394.0 
475.5 466.0 
423.0 375.5 
230.5 195.0 
19.0 168.0 
423.5 246.0 
265.0 249.0 
19.5 37.5 
214.0 128.5 
0.5 203.0 
71.5 62.0 
490.0 284.0 
209.0 335.5 
19.5 57.5 
210.0 228.0 
265.0 288.0 
108.0 278.0 
373.5 352.5 
175.0 215.0 
397.0 309.0 
312.5 316.5 
464.5 399.0 
463.0 360.5 
496.0 434.0 
493.0 453.5 
1.0 80.0 
240.0 160.5 
317.0 383.5 
344.5 398.0 
89.0 104.0 
292.5 326.0 
160.5 170.5 
378.5 207.5 
494.5 403.0 
58.5 173.0 
72.0 131.5 
161.5 154.5 
82.5 170.5 
131.0 202.0 
255.0 329.0 
348.5 212.0 
456.5 299.0 
380.0 323.5 
225.5 292.0 
55.5 92.0 
348.5 318.5 
410.0 387.5 
13.5 55.0 
206.5 188.0 
11.5 84.0 
94.0 134.0 
358.5 202.0 
357.5 358.5 
218.5 249.0 
446.5 400.0 
278.5 252.0 
300.5 253.0 
236.0 238.0 
261.5 225.0 
382.0 341.0 
246.0 162.0 
274.0 251.0 
429.5 430.0 
0.5 155.0 
400.0 301.0 
480.0 447.5 
257.5 339.0 
169.0 302.0 
4.5 63.5 
308.5 374.5 
470.0 465.0 
448.5 386.5 
324.5 237.0 
187.5 318.0 
479.0 337.0 
393.0 331.5 
244.0 310.5 
5.5 216.0 
17.0 104.0 
398.5 304.5 
457.5 430.5 
65.0 141.5 
189.0 178.0 
482.5 442.0 
356.5 347.0 
312.0 369.5 
471.0 413.0 
477.0 466.5 
333.0 377.5 
54.5 88.5 
477.5 467.0 
16.0 125.5 
465.5 358.5 
271.0 149.5 
344.5 281.0 
326.5 372.5 
478.5 367.5 
429.0 347.5 
405.0 399.0 
115.5 128.5 
289.5 193.5 
280.5 245.0 
65.0 127.5 
205.5 292.5 
82.0 82.0 
71.0 251.0 
335.5 259.0 
450.5 369.5 
498.5 470.5 
95.0 131.5 
403.0 349.5 
439.5 424.5 
155.5 159.5 
453.5 435.5 
473.5 398.5 
16.0 217.0 
455.5 279.0 
194.5 126.5 
308.5 286.0 
423.5 230.0 
319.5 179.0 
244.0 188.0 
0.0 183.0 
227.0 213.0 
462.5 273.0 
159.5 202.0 
92.0 102.0 
231.5 335.5 
439.5 412.0 
411.0 314.5 
219.0 279.0 
331.5 394.5 
482.5 320.5 
228.5 159.0 
125.5 274.0 
456.5 313.0 
95.0 105.0 
119.5 106.5 
486.0 330.0 
412.0 327.5 
453.5 410.0 
342.5 211.0 
409.0 324.0 
64.5 122.5 
367.5 227.0 
258.0 222.0 
226.5 161.0 
0.0 152.0 
464.5 457.5 
65.0 87.0 
479.5 467.0 
406.0 327.0 
482.5 346.5 
160.5 200.5 
446.5 426.0 
305.0 351.0 
264.5 161.5 
352.5 195.0 
363.0 360.5 
66.5 241.0 
197.5 328.0 
158.5 149.5 
459.5 334.5 
51.5 247.0 
8.0 59.5 
231.0 192.0 
497.5 378.0 
475.0 369.5 
172.5 242.0 
103.0 85.0 
359.5 275.0 
449.5 321.5 
470.0 257.0 
481.5 374.5 
34.5 93.0 
497.5 433.0 
324.5 200.0 
85.5 225.0 
120.5 120.5 
118.5 156.5 
17.0 177.5 
20.0 155.5 
193.5 234.0 
494.0 330.5 
286.5 251.0 
142.5 291.0 
73.0 116.5 
382.5 246.0 
158.5 271.0 
260.5 242.0 
1.5 113.0 
1.5 201.0 
233.0 291.0 
87.0 166.5 
198.5 262.0 
22.0 212.0 
63.5 208.0 
482.5 471.0 
430.0 421.0 
73.0 121.5 
41.5 54.5 
287.5 193.0 
396.0 349.0 
24.0 113.0 
352.5 228.0 
24.5 79.0 
445.5 257.0 
250.0 264.0 
275.5 328.0 
286.0 215.0 
362.5 228.0 
230.0 350.5 
174.5 169.0 
323.5 223.0 
84.0 166.5 
182.0 291.0 
64.5 225.0 
78.0 89.5 
210.0 213.0 
209.5 217.0 
261.0 158.0 
43.5 53.5 
59.5 131.5 
3.5 38.5 
397.0 364.5 
191.0 328.5 
228.5 236.0 
80.0 225.0 
56.5 255.0 
37.5 221.0 
298.5 185.0 
479.5 467.0 
175.5 140.5 
310.5 385.5 
42.5 176.0 
421.0 301.0 
115.0 96.5 
490.5 407.5 
2.0 191.0 
393.0 367.5 
378.5 245.0 
113.0 145.5 
262.0 215.0 
252.0 332.0 
428.0 350.5 
13.0 68.0 
316.5 199.0 
473.5 358.5 
147.5 125.5 
208.5 171.0 
257.5 214.0 
26.0 230.0 
152.5 246.0 
370.0 338.0 
18.5 97.5 
467.5 334.5 
20.0 208.0 
358.5 371.5 
4.5 71.0 
214.0 277.0 
233.0 198.0 
109.5 100.0 
35.5 48.0 
496.5 461.0 
245.5 173.5 
209.0 193.0 
13.5 27.0 
382.0 300.0 
473.5 432.0 
43.5 251.0 
233.0 328.5 
469.5 376.5 
58.5 229.0 
262.0 336.5 
145.5 204.0 
12.0 210.0 
93.0 115.5 
396.0 387.5 
328.5 283.0 
282.5 158.5 
291.5 165.5 
16.5 201.5 
231.5 293.0 
161.5 221.0 
150.5 279.0 
327.5 313.0 
139.5 216.0 
354.5 407.0 
261.5 149.5 
467.0 382.5 
1.5 51.5 
28.5 83.0 
88.0 274.0 
112.0 234.0 
149.5 117.5 
231.0 138.0 
484.0 361.5 
123.5 142.5 
395.0 248.0 
461.0 274.0 
353.5 284.0 
452.5 284.0 
241.5 227.0 
348.5 203.0 
324.5 283.0 
10.5 161.0 
486.5 322.0 
19.0 139.5 
112.0 262.0 
451.0 372.5 
253.0 335.0 
320.5 193.0 
132.0 271.0 
267.0 280.0 
427.0 349.5 
452.5 320.0 
214.5 232.0 
490.0 363.5 
443.5 259.0 
484.0 357.5 
498.5 470.5 
222.5 203.0 
350.0 324.0 
32.5 245.0 
176.5 168.5 
276.5 273.0 
298.0 187.0 
486.5 378.5 
25.5 176.0 
316.0 209.0 
394.0 399.0 
252.0 324.5 
15.0 62.0 
298.5 164.0 
306.5 348.5 
429.5 412.0 
34.5 245.0 
9.5 130.5 
463.5 322.0 
43.5 68.0 
366.5 269.0 
49.5 246.0 
477.0 462.0 
52.5 78.5 
370.5 374.5 
190.5 113.0 
351.5 382.5 
401.0 259.0 
412.0 374.5 
391.0 295.0 
166.5 253.0 
46.5 134.5 
486.5 343.5 
484.0 391.0 
80.0 77.0 
477.0 417.0 
483.5 417.0 
301.0 221.0 
493.0 476.5 
213.5 186.5 
348.5 281.0 
270.0 244.0 
171.5 316.0 
285.5 295.5 
275.5 197.0 
3.5 39.0 
340.5 213.0 
120.5 244.0 
315.5 378.5 
203.5 130.5 
485.5 437.5 
191.5 126.5 
175.5 225.0 
497.0 347.5 
120.0 277.0 
131.5 180.0 
164.5 102.0 
477.5 460.0 
299.5 213.0 
40.5 181.0 
30.5 169.5 
472.5 460.5 
387.0 349.5 
230.5 305.0 
315.5 281.0 
223.0 134.5 
173.5 112.5 
421.0 280.0 
45.5 62.5 
17.5 34.0 
4.0 202.0 
162.5 307.0 
343.5 247.0 
458.5 434.0 
1.5 26.0 
442.0 335.0 
20.0 33.5 
444.0 426.5 
36.5 75.0 
309.5 182.0 
489.5 317.0 
276.0 345.5 
488.5 448.5 
144.5 108.0 
4.0 88.0 
257.5 207.0 
3.5 156.0 
7.0 188.0 
16.0 38.0 
347.5 332.5 
426.0 296.0 
442.5 428.0 
295.0 327.5 
324.5 347.5 
114.5 183.0 
14.5 140.5 
447.5 373.5 
76.0 151.0 
43.0 105.5 
346.5 406.0 
346.5 391.5 
400.0 232.0 
355.5 331.0 
157.5 200.5 
69.5 119.5 
368.5 222.5 
1.5 100.0 
5.5 82.0 
45.5 84.0 
387.0 423.0 
479.5 300.0 
102.5 255.0 
23.0 93.0 
458.5 413.0 
27.5 159.5 
224.5 188.0 
482.0 467.5 
23.5 114.5 
417.0 337.0 
341.5 253.0 
320.5 330.0 
12.5 61.5 
25.5 167.5 
235.5 304.0 
381.0 358.5 
307.0 218.0 
493.0 302.0 
269.0 239.0 
237.0 238.0 
8.0 94.0 
9.0 79.0 
242.5 332.5 
2.0 47.5 
376.5 388.0 
15.0 219.0 
18.0 181.0 
176.5 252.0 
332.0 273.0 
152.5 142.5 
198.5 217.0 
117.5 198.0 
314.5 181.5 
368.5 215.0 
66.0 200.0 
127.0 170.5 
13.5 95.0 
223.5 136.5 
299.0 318.0 
276.0 335.5 
494.0 328.0 
33.5 110.5 
483.0 357.5 
388.0 219.5 
8.5 184.0 
224.5 190.0 
262.5 179.5 
394.5 317.5 
23.5 196.5 
281.0 303.5 
420.5 422.0 
110.5 80.0 
87.0 88.0 
385.5 421.0 
144.5 223.0 
142.5 212.5 
448.0 323.0 
44.5 236.0 
387.0 419.0 
448.5 383.0 
493.5 362.5 
190.5 301.0 
270.0 285.0 
226.5 345.0 
422.0 257.0 
363.5 382.5 
314.5 267.0 
226.5 243.0 
236.5 348.5 
119.5 201.0 
118.5 269.5 
476.0 403.5 
0.5 95.0 
494.0 292.0 
329.5 381.5 
64.0 186.0 
451.5 355.5 
7.0 216.0 
452.5 331.5 
325.5 308.5 
447.5 379.5 
245.5 215.0 
480.5 288.0 
293.5 241.0 
254.0 200.0 
282.0 186.0 
332.5 227.0 
111.0 207.0 
355.5 334.5 
340.5 286.0 
182.5 165.0 
207.0 316.0 
488.0 301.0 
69.0 78.5 
487.5 419.0 
260.0 188.5 
264.0 298.0 
292.5 325.5 
491.5 474.0 
416.0 406.0 
159.5 185.0 
29.0 153.5 
146.5 284.0 
487.5 316.0 
81.0 254.0 
24.0 67.0 
436.5 330.5 
29.0 36.0 
352.5 235.0 
489.5 287.0 
491.0 338.5 
361.5 328.0 
185.5 255.0 
446.0 359.5 
61.0 195.0 
157.5 100.5 
404.0 304.0 
33.0 129.5 
95.5 103.5 
35.5 187.5 
472.0 429.0 
393.0 362.5 
471.0 453.5 
249.0 155.5 
11.5 160.5 
344.5 339.5 
290.0 305.0 
138.0 279.0 
362.5 354.5 
126.0 214.5 
199.0 327.0 
179.0 266.0 
16.5 201.5 
52.0 152.5 
346.5 346.0 
11.5 86.0 
400.0 388.0 
70.0 234.0 
479.0 321.0 
480.5 389.5 
17.5 80.0 
390.0 342.5 
57.0 174.5 
407.0 227.0 
329.0 209.0 
236.0 185.0 
425.5 373.0 
0.0 91.5 
157.5 118.5 
367.0 351.5 
268.5 357.0 
184.5 272.0 
13.0 115.5 
193.5 174.0 
464.5 271.0 
17.0 123.5 
480.0 432.5 
261.0 175.0 
20.5 36.5 
447.5 241.0 
163.5 222.0 
261.0 245.0 
247.5 193.0 
61.0 200.0 
116.5 126.5 
368.5 254.0 
365.0 209.0 
57.5 149.0 
367.0 364.5 
3.0 111.5 
173.5 124.5 
379.0 358.5 
468.0 295.5 
212.0 323.0 
32.0 53.5 
9.5 80.0 
262.0 320.0 
153.5 225.0 
335.5 203.0 
182.0 110.0 
1.5 118.0 
34.5 35.5 
459.0 454.5 
496.5 311.0 
196.5 195.0 
360.0 330.5 
328.5 260.0 
284.0 219.0 
365.5 314.0 
332.5 319.5 
183.5 255.0 
317.5 352.5 
14.5 191.0 
99.0 156.0 
458.5 411.0 
133.5 272.0 
370.5 401.0 
171.5 156.5 
272.0 277.0 
112.0 89.5 
496.0 295.0 
114.0 178.0 
459.5 347.5 
296.5 356.5 
101.5 136.5 
268.0 153.5 
78.0 67.5 
368.5 412.0 
129.5 129.5 
185.5 115.0 
52.5 224.0 
161.5 203.0 
427.5 316.0 
455.5 360.5 
100.0 175.5 
7.0 211.5 
478.5 310.0 
444.5 445.5 
1.0 99.5 
140.5 249.0 
426.5 235.0 
329.5 363.0 
323.5 242.0 
219.0 327.0 
173.5 297.0 
406.0 303.0 
195.5 258.0 
17.5 29.0 
122.0 200.5 
324.5 235.0 
82.0 108.5 
334.5 348.5 
146.5 128.5 
355.5 279.5 
116.0 207.0 
228.0 316.0 
499.0 321.5 
155.5 156.5 
481.5 402.0 
489.0 466.5 
272.0 263.0 
481.0 335.0 
309.5 194.0 
230.5 242.0 
201.0 295.0 
272.5 354.5 
413.0 288.0 
266.5 155.5 
342.5 210.0 
243.0 149.0 
268.5 273.0 
105.0 87.5 
409.0 388.5 
116.0 257.0 
488.5 457.0 
302.0 248.0 
214.5 300.0 
212.5 214.0 
4.0 117.5 
284.5 238.0 
365.5 298.0 
25.5 219.0 
499.0 475.0 
311.0 356.0 
466.5 264.0 
142.5 191.0 
13.0 27.0 
419.0 368.5 
284.5 358.5 
347.5 238.0 
439.5 244.0 
308.0 336.0 
489.0 344.5 
303.0 298.0 
473.0 330.0 
497.0 442.5 
471.0 369.5 
166.5 164.0 
273.0 185.0 
6.0 44.5 
452.5 298.0 
249.5 147.5 
231.0 298.0 
44.5 63.5 
218.5 185.0 
162.5 184.5 
183.5 164.5 
1.0 79.0 
477.0 292.0 
474.0 357.5 
208.5 299.0 
246.0 225.0 
476.5 286.0 
322.5 217.0 
386.5 355.5 
275.0 298.0 
106.0 201.0 
29.0 74.0 
320.5 375.5 
375.5 231.0 
111.5 238.0 
477.5 298.0 
5.5 198.0 
419.0 371.5 
454.5 377.5 
401.0 247.0 
172.5 130.5 
25.0 180.5 
353.5 268.0 
15.0 33.0 
437.5 335.0 
253.5 183.0 
13.5 105.0 
415.0 321.0 
145.5 306.0 
108.5 286.0 
388.5 208.0 
101.0 168.0 
93.0 250.0 
208.0 172.0 
25.0 170.0 
255.0 341.0 
484.0 292.0 
408.0 333.0 
121.0 99.5 
58.5 211.0 
205.5 142.5 
387.5 337.0 
492.0 436.5 
12.5 63.5 
370.5 276.0 
476.5 427.5 
166.5 233.0 
298.5 304.0 
62.0 252.0 
227.0 158.5 
123.5 139.0 
184.0 182.0 
477.0 306.5 
297.5 318.5 
356.5 373.5 
156.5 240.0 
492.0 346.0 
209.5 283.5 
322.5 221.5 
351.5 311.0 
78.0 218.0 
15.0 216.0 
123.5 294.0 
485.0 342.0 
114.5 234.0 
72.5 205.0 
466.5 420.0 
47.5 66.5 
245.0 345.5 
25.0 35.5 
170.5 117.5 
455.5 291.0 
482.0 466.0 
29.0 139.0 
417.0 410.5 
431.0 432.0 
115.5 160.0 
332.5 245.0 
86.0 77.0 
8.0 75.0 
488.5 363.0 
494.0 285.0 
213.0 219.0 
192.0 170.5 
18.0 210.0 
465.5 277.0 
329.5 193.0 
224.0 254.0 
308.5 290.0 
22.0 43.5 
189.5 271.0 
478.5 313.5 
266.0 156.5 
281.5 198.0 
156.5 270.0 
23.5 52.5 
499.0 365.5 
254.5 229.0 
21.5 120.5 
480.5 272.0 
423.0 434.0 
484.0 323.0 
394.5 395.0 
333.5 261.0 
165.5 162.0 
31.0 162.5 
408.0 342.5 
484.0 292.0 
314.5 297.0 
216.5 174.0 
10.0 210.0 
394.0 233.0 
429.0 435.0 
318.0 244.0 
461.5 350.5 
139.0 100.0 
449.5 402.0 
486.5 464.0 
282.0 266.0 
94.0 266.0 
50.5 65.0 
193.5 226.0 
496.5 468.0 
486.5 306.0 
168.5 259.0 
356.5 260.0 
300.0 367.5 
215.0 332.5 
212.0 304.0 
31.0 35.0 
152.5 312.0 
475.0 319.0 
318.5 312.5 
497.0 356.5 
456.5 267.0 
282.5 220.0 
413.0 376.5 
268.0 152.0 
47.5 45.5 
461.0 312.0 
125.5 229.0 
389.0 270.0 
248.0 305.0 
315.5 375.5 
91.0 183.0 
9.5 93.5 
219.5 275.0 
318.0 297.0 
34.5 161.5 
170.5 291.0 
180.5 183.5 
139.5 245.0 
128.5 209.0 
403.0 412.0 
121.0 175.0 
430.0 279.0 
67.5 106.0 
394.0 354.5 
436.5 257.0 
144.5 307.0 
281.5 238.0 
99.0 156.0 
104.0 260.0 
398.5 324.0 
438.5 383.5 
448.0 265.0 
492.0 303.0 
235.5 225.0 
344.5 343.0 
21.5 164.0 
43.5 105.5 
343.5 207.0 
19.0 149.5 
239.0 333.5 
28.0 240.0 
490.0 292.0 
128.5 152.5 
234.0 325.5 
461.5 294.5 
471.5 352.5 
334.5 394.0 
161.5 160.5 
93.0 105.0 
492.0 469.0 
264.0 284.0 
486.0 324.0 
342.5 367.5 
297.5 283.0 
134.5 190.5 
34.0 193.0 
449.5 293.5 
481.0 462.5 
130.5 258.0 
20.0 194.0 
292.0 161.0 
10.0 68.5 
335.5 399.5 
21.5 186.0 
190.5 121.5 
487.0 469.5 
5.0 199.0 
453.5 319.5 
431.0 329.0 
203.5 155.5 
327.5 303.0 
397.0 381.5 
16.5 122.5 
34.5 141.5 
289.0 199.0 
17.0 115.5 
121.0 246.0 
182.0 171.0 
227.0 158.0 
400.0 337.0 
483.0 308.5 
198.0 237.0 
51.5 153.5 
454.5 387.0 
399.0 216.0 
444.5 349.5 
42.5 162.0 
112.0 170.5 
10.0 88.0 
13.0 156.0 
426.0 287.0 
222.5 304.0 
255.0 156.5 
260.0 227.0 
468.5 422.0 
363.5 371.5 
426.5 384.5 
10.0 188.0 
212.5 212.0 
38.5 109.5 
259.0 302.0 
488.0 344.0 
438.0 450.0 
52.5 229.0 
314.5 173.5 
206.5 184.0 
414.0 431.0 
63.0 87.0 
321.0 343.5 
378.0 282.0 
234.5 270.0 
61.5 104.5 
426.0 275.0 
347.5 229.0 
474.0 387.5 
39.5 191.0 
111.5 159.5 
226.5 137.0 
10.0 96.5 
216.5 316.0 
91.0 252.0 
21.5 52.5 
181.5 208.0 
347.5 306.0 
474.5 350.0 
179.5 238.0 
25.0 56.5 
171.5 202.0 
198.5 172.5 
18.0 219.0 
57.0 98.0 
255.5 173.0 
484.5 419.0 
67.5 185.0 
494.0 333.5 
354.5 316.0 
445.5 366.5 
369.5 241.0 
47.5 96.0 
159.5 286.0 
365.5 203.0 
51.0 216.0 
165.5 210.0 
494.5 456.5 
301.0 249.0 
390.0 265.0 
401.0 423.5 
451.5 416.0 
317.5 184.5 
61.5 263.0 
276.5 324.5 
8.0 213.0 
68.0 91.0 
30.5 222.0 
367.5 300.0 
25.0 116.5 
154.5 312.5 
34.5 81.0 
15.5 34.5 
216.5 153.5 
487.5 319.5 
252.0 146.5 
448.5 433.0 
244.0 138.5 
496.5 362.5 
321.5 392.0 
340.5 241.0 
497.0 404.5 
118.5 166.0 
340.5 240.0 
203.0 319.0 
460.0 284.0 
205.0 292.0 
464.5 402.5 
495.0 451.5 
199.0 131.5 
29.0 229.0 
462.5 268.0 
437.5 406.0 
404.0 317.0 
286.5 277.0 
251.5 243.0 
284.0 242.5 
14.0 33.0 
309.5 267.0 
290.0 370.5 
350.5 311.0 
0.0 41.5 
313.0 289.0 
290.0 163.5 
496.5 297.0 
292.5 288.0 
163.5 192.0 
468.0 270.0 
104.0 167.0 
375.5 409.0 
495.5 442.5 
249.5 330.0 
212.0 204.0 
72.0 136.5 
98.0 79.0 
179.0 308.0 
187.5 235.0 
116.5 199.0 
91.0 79.0 
435.0 353.5 
44.5 253.0 
13.5 146.0 
303.5 324.0 
195.5 309.0 
261.0 299.0 
130.5 213.0 
429.0 243.0 
22.5 32.5 
496.5 475.5 
401.0 317.5 
85.0 148.0 
255.5 178.0 
160.5 257.0 
490.5 282.0 
359.5 285.0 
48.5 233.0 
23.0 64.0 
400.0 409.0 
3.0 70.0 
136.5 152.5 
25.5 236.0 
294.0 219.0 
152.5 154.5 
290.5 311.0 
400.0 364.5 
268.5 340.0 
50.5 54.5 
313.5 295.5 
0.5 127.5 
305.5 274.0 
494.5 379.5 
489.5 322.0 
406.0 251.0 
10.0 73.0 
114.5 202.0 
13.0 79.0 
408.0 420.0 
206.5 126.5 
485.5 401.0 
422.0 239.0 
477.5 468.5 
7.5 69.5 
488.0 329.0 
42.5 203.0 
398.0 367.5 
182.5 186.0 
479.0 342.5 
80.0 96.5 
367.0 354.5 
211.0 132.5 
261.5 181.0 
146.5 249.0 
491.0 333.0 
420.5 348.0 
43.0 118.5 
137.0 266.0 
29.0 224.0 
2.0 25.5 
244.5 210.0 
492.5 332.0 
419.0 424.0 
15.5 206.0 
34.5 133.5 
179.0 196.0 
14.5 84.0 
312.5 292.5 
12.5 217.0 
212.0 254.0 
28.0 112.5 
269.5 249.0 
461.5 459.5 
193.5 204.0 
45.5 92.5 
66.0 199.0 
436.5 369.5 
48.5 192.0 
6.5 56.0 
98.0 112.0 
17.5 154.5 
319.5 198.0 
395.0 317.0 
239.0 290.0 
163.5 300.0 
471.5 320.0 
448.5 321.0 
430.0 302.0 
53.0 248.0 
4.5 215.0 
155.5 135.5 
52.5 68.0 
103.5 139.5 
442.0 299.5 
130.5 96.0 
157.5 209.0 
316.5 359.0 
99.0 124.5 
269.0 271.0 
391.0 382.5 
359.5 263.0 
142.5 91.0 
97.0 210.0 
196.5 144.5 
35.5 214.0 
22.5 103.5 
341.5 344.5 
479.0 448.5 
183.5 265.0 
114.0 162.5 
97.0 219.0 
9.5 94.0 
284.5 335.5 
479.0 424.5 
128.5 198.0 
436.0 271.0 
498.0 306.0 
175.0 151.5 
346.5 261.0 
446.5 453.5 
313.5 237.0 
269.0 292.0 
206.5 223.0 
331.0 378.5 
130.5 232.0 
478.0 383.5 
215.5 171.5 
222.5 141.0 
17.0 228.0 
266.5 325.0 
475.0 274.0 
356.5 216.0 
157.5 177.0 
413.0 274.0 
257.5 170.0 
234.0 185.5 
485.5 413.0 
350.5 335.0 
247.0 282.0 
349.5 328.0 
221.5 298.0 
347.5 249.0 
4.5 209.0 
497.5 422.0 
20.5 32.5 
79.0 138.5 
330.5 220.0 
230.0 253.0 
478.5 449.5 
227.5 262.0 
145.5 270.0 
481.0 358.5 
316.5 186.0 
237.5 241.0 
54.5 115.5 
478.0 393.5 
332.5 190.0 
93.0 117.5 
338.5 374.5 
194.5 218.0 
424.0 359.5 
36.5 246.0 
18.5 156.5 
449.5 304.0 
64.0 79.0 
474.0 319.0 
228.0 128.5 
479.5 405.0 
178.0 314.0 
244.0 300.0 
66.5 173.0 
84.0 79.0 
364.5 412.0 
26.5 241.0 
200.5 301.5 
43.5 93.0 
499.0 343.5 
256.0 273.5 
420.0 303.0 
494.5 377.5 
204.0 282.0 
12.0 29.5 
259.0 238.0 
226.0 207.0 
464.0 326.5 
473.5 464.5 
400.0 357.0 
136.5 164.0 
379.0 394.0 
488.5 326.0 
126.5 229.0 
47.5 241.0 
494.0 444.5 
485.5 384.0 
167.5 166.0 
89.0 143.0 
62.0 144.5 
407.0 409.0 
143.5 304.0 
424.0 271.0 
277.0 249.0 
120.5 222.0 
481.0 330.0 
238.0 294.0 
213.0 340.0 
374.5 418.0 
193.5 267.0 
237.5 208.0 
407.5 224.0 
365.5 358.0 
448.5 369.5 
483.5 298.5 
435.0 355.5 
154.5 240.0 
22.5 163.0 
246.5 238.0 
64.0 204.5 
21.5 225.0 
479.5 421.0 
102.5 220.0 
66.5 210.0 
28.0 41.5 
404.0 390.5 
431.5 259.0 
384.5 418.0 
59.5 127.5 
316.0 310.5 
5.0 25.0 
53.0 164.5 
47.5 71.0 
457.5 264.0 
60.5 61.0 
498.0 346.5 
346.5 236.0 
397.5 337.5 
459.5 454.5 
180.5 144.0 
238.0 216.0 
72.5 195.0 
473.5 392.0 
247.5 154.5 
36.5 109.5 
446.5 330.0 
24.5 142.0 
261.5 305.0 
218.0 308.5 
38.5 197.0 
23.5 171.5 
263.0 155.0 
237.0 143.5 
193.5 322.0 
438.0 443.0 
495.0 361.5 
249.0 294.0 
113.0 242.0 
279.5 272.0 
396.0 406.0 
69.0 212.0 
361.5 352.5 
403.0 251.0 
424.0 308.5 
14.5 175.5 
118.0 161.5 
409.0 396.0 
441.5 253.0 
219.5 187.0 
253.0 209.0 
475.0 317.0 
113.0 226.0 
448.0 265.0 
440.5 419.0 
426.0 252.0 
11.0 41.5 
292.5 334.0 
353.5 302.5 
117.0 124.5 
66.0 153.5 
485.5 454.5 
10.5 141.5 
77.5 198.0 
264.0 361.5 
22.0 150.0 
426.5 286.0 
33.0 74.0 
146.5 128.5 
69.5 147.0 
481.0 397.0 
104.0 128.5 
483.5 418.0 
295.5 224.0 
0.0 99.5 
125.0 255.0 
367.0 288.0 
183.5 204.0 
295.5 296.5 
417.0 338.0 
227.0 202.0 
24.5 67.0 
47.5 58.5 
475.0 449.5 
122.5 179.5 
448.5 264.0 
160.5 207.0 
195.5 175.0 
111.5 290.0 
202.0 176.0 
75.0 83.0 
492.0 419.0 
115.5 235.0 
438.5 309.0 
429.5 436.0 
341.5 351.5 
327.5 377.5 
185.5 209.0 
119.5 157.5 
356.5 289.5 
485.0 368.5 
418.0 409.0 
345.5 348.0 
90.0 225.0 
13.5 223.0 
339.5 193.0 
7.5 56.5 
487.5 335.5 
328.0 341.5 
307.5 360.5 
489.0 449.5 
267.0 260.0 
365.5 316.0 
113.0 239.0 
253.0 266.0 
306.5 251.0 
129.5 139.5 
485.0 353.0 
21.0 177.0 
272.5 230.0 
16.5 118.5 
77.5 171.0 
262.5 227.0 
19.5 91.0 
8.0 201.0 
229.0 275.0 
71.5 142.5 
448.0 290.0 
342.5 307.0 
147.0 282.0 
20.0 151.5 
402.0 317.0 
410.0 250.0 
57.5 228.0 
215.0 260.0 
347.5 216.5 
6.0 33.0 
7.5 44.0 
43.5 118.5 
385.0 413.0 
383.5 267.0 
498.5 480.0 
259.5 298.0 
487.0 397.0 
215.0 188.0 
27.5 142.5 
438.0 359.5 
7.5 124.5 
40.5 59.0 
217.5 304.0 
0.5 31.5 
394.0 371.5 
111.5 166.0 
456.5 413.0 
289.5 237.0 
120.5 126.5 
228.5 274.0 
483.5 288.0 
59.0 171.0 
61.5 130.5 
39.5 43.5 
378.5 378.0 
471.5 405.5 
447.5 405.5 
108.5 252.0 
169.0 230.0 
339.5 345.0 
289.5 230.0 
106.5 151.5 
422.5 360.0 
449.5 333.5 
175.5 169.0 
57.5 132.5 
49.5 138.5 
441.0 361.5 
189.5 149.5 
243.0 312.0 
19.0 168.5 
140.5 191.0 
41.5 166.0 
73.5 166.5 
395.0 386.5 
199.5 233.0 
306.5 386.5 
14.5 227.0 
459.5 446.0 
141.5 220.0 
113.5 204.5 
22.5 179.5 
424.0 234.0 
56.0 57.5 
433.5 446.5 
76.0 184.0 
482.0 371.5 
139.5 223.0 
232.5 240.0 
187.5 294.0 
28.0 220.0 
259.5 184.0 
7.0 136.5 
24.0 164.5 
494.0 409.0 
275.5 239.0 
132.5 196.0 
458.5 342.5 
110.0 127.5 
394.0 414.0 
248.5 155.5 
481.5 409.5 
273.5 302.0 
309.0 373.5 
283.5 307.0 
205.0 237.0 
56.5 100.5 
202.5 235.0 
3.5 178.0 
343.5 289.0 
296.5 204.5 
228.0 317.0 
455.5 376.0 
430.0 233.0 
265.0 166.5 
498.5 397.0 
478.5 441.5 
30.5 147.5 
192.5 173.0 
56.5 151.5 
415.0 288.0 
499.0 434.0 
396.5 413.0 
7.0 111.5 
16.5 87.0 
412.0 233.0 
247.5 261.0 
39.5 239.0 
75.0 263.0 
474.5 434.5 
343.5 405.0 
475.5 281.5 
433.5 269.0 
178.5 238.0 
486.0 370.5 
291.0 294.0 
455.5 413.0 
48.5 240.0 
420.0 416.5 
115.5 198.5 
228.0 172.0 
403.0 334.0 
180.5 225.0 
205.0 321.5 
133.5 159.0 
0.5 132.5 
58.0 76.0 
483.5 302.0 
253.0 153.0 
370.5 244.0 
218.5 184.0 
470.0 321.0 
315.5 334.5 
231.0 146.0 
384.5 207.0 
122.5 210.0 
8.0 220.0 
302.5 265.0 
153.5 187.5 
18.5 31.0 
387.5 304.5 
302.5 303.0 
100.0 144.0 
415.0 376.5 
422.5 381.0 
335.5 335.0 
252.0 231.0 
467.0 406.0 
456.5 335.5 
94.5 70.0 
146.0 92.0 
7.0 118.5 
192.5 318.0 
7.5 122.5 
371.5 355.5 
359.5 239.0 
301.0 230.0 
28.5 99.5 
23.0 82.0 
313.0 299.0 
29.5 119.0 
88.0 94.5 
368.5 398.5 
459.0 355.5 
366.5 197.0 
472.0 351.0 
206.5 292.0 
86.5 270.0 
496.0 384.5 
269.0 289.0 
59.0 62.5 
304.5 236.0 
156.5 187.0 
130.0 97.5 
485.5 340.0 
418.0 264.0 
154.5 275.0 
462.5 436.0 
45.5 246.0 
137.5 291.0 
188.5 200.0 
476.5 378.0 
199.5 170.5 
289.5 270.0 
372.5 260.0 
456.5 286.0 
158.5 147.5 
157.5 287.0 
113.5 251.0 
19.0 89.0 
470.0 337.0 
281.5 225.0 
19.0 89.5 
18.5 167.0 
408.0 347.0 
179.5 207.0 
461.5 363.5 
86.0 134.5 
413.0 378.0 
472.5 279.0 
171.5 251.0 
458.5 338.0 
188.5 207.0 
71.5 172.0 
346.5 376.5 
315.5 298.0 
279.5 301.0 
384.5 364.5 
454.5 330.5 
265.0 165.0 
473.5 282.0 
93.0 159.5 
271.0 227.0 
78.0 169.5 
223.5 178.5 
472.0 451.5 
177.5 267.0 
20.0 98.5 
172.5 171.5 
85.0 163.5 
16.0 152.5 
21.0 175.0 
176.5 206.0 
410.0 391.0 
451.5 405.5 
273.0 340.5 
289.0 191.0 
134.0 157.0 
139.0 201.5 
484.0 430.0 
130.5 237.0 
35.5 109.5 
294.5 251.0 
117.0 243.0 
216.0 194.0 
59.0 225.0 
99.0 112.5 
106.5 125.5 
397.5 231.0 
163.5 99.0 
29.0 142.0 
282.0 322.0 
83.0 192.5 
28.5 89.0 
497.5 375.5 
133.0 100.5 
339.5 246.0 
206.5 181.0 
129.5 282.0 
340.5 300.0 
424.5 229.0 
496.5 474.5 
253.0 310.5 
335.5 229.0 
287.0 309.0 
45.5 192.0 
280.5 218.5 
360.5 259.0 
172.5 252.0 
136.5 93.5 
201.0 203.5 
3.0 100.5 
495.5 305.0 
146.5 217.0 
301.5 253.0 
222.5 182.0 
259.5 174.5 
468.0 395.0 
493.0 306.0 
159.5 205.0 
302.0 248.0 
209.5 296.0 
118.5 165.0 
304.5 274.0 
387.0 306.0 
196.5 152.5 
404.0 280.0 
16.0 174.5 
4.0 121.0 
21.0 228.0 
344.5 280.0 
295.5 221.0 
244.5 145.5 
497.0 312.5 
362.5 405.0 
105.0 253.0 
400.0 411.0 
263.5 254.0 
36.5 142.0 
485.5 307.5 
444.5 412.0 
419.5 331.5 
124.5 219.0 
154.5 263.0 
73.0 233.0 
103.0 109.5 
72.0 267.0 
283.5 263.0 
159.5 303.0 
178.5 211.0 
489.5 335.5 
213.5 258.0 
105.5 204.0 
362.5 269.0 
22.5 215.0 
7.0 93.0 
451.5 318.0 
2.5 152.5 
475.5 447.5 
489.5 467.5 
79.5 109.0 
374.0 420.0 
21.0 194.0 
422.0 400.0 
259.5 242.0 
423.0 407.0 
442.0 324.5 
72.0 91.0 
455.5 414.0 
255.0 348.0 
231.0 350.5 
239.5 153.5 
96.0 171.0 
157.5 150.5 
187.5 203.0 
59.5 104.0 
150.5 161.5 
126.0 292.0 
184.0 162.0 
493.5 418.0 
15.5 224.0 
361.5 232.0 
379.5 298.0 
12.0 176.0 
122.0 217.0 
89.0 243.0 
465.0 462.5 
483.5 433.5 
64.5 216.0 
142.5 130.5 
55.5 143.5 
487.5 431.0 
69.0 61.0 
414.0 417.0 
161.5 209.0 
213.0 309.0 
117.0 220.0 
8.5 88.0 
347.5 310.0 
493.5 367.5 
382.5 379.0 
329.5 300.5 
439.0 242.0 
420.0 228.0 
398.0 318.0 
22.5 57.5 
291.5 183.0 
108.5 133.0 
480.0 443.0 
463.5 377.5 
108.0 119.0 
217.0 274.0 
197.5 245.0 
12.5 177.0 
46.5 194.0 
334.5 242.0 
210.0 144.5 
381.0 372.0 
449.5 379.5 
378.5 329.0 
159.5 112.0 
29.0 84.0 
19.5 198.0 
366.5 332.5 
368.0 288.0 
436.0 252.0 
329.5 378.5 
295.5 300.5 
142.0 139.5 
444.0 438.5 
96.0 75.0 
69.5 202.0 
488.5 331.5 
460.5 251.0 
147.5 142.5 
494.0 338.0 
132.0 142.0 
410.0 262.0 
426.5 289.0 
277.0 172.5 
72.0 96.5 
270.0 294.0 
138.5 247.0 
476.5 437.0 
276.0 156.5 
187.0 236.0 
479.5 334.0 
45.5 109.5 
318.5 353.5 
497.5 477.0 
80.0 90.0 
31.5 65.0 
75.5 76.0 
31.5 43.5 
115.5 207.0 
91.0 233.0 
160.5 116.5 
307.0 225.0 
16.0 32.5 
263.0 347.5 
14.0 147.5 
138.5 189.0 
17.5 191.0 
427.0 315.0 
357.5 195.0 
234.5 182.5 
494.5 408.0 
369.5 209.0 
424.0 293.0 
24.5 115.5 
47.5 126.5 
339.5 380.5 
98.0 76.0 
17.5 91.0 
372.5 257.0 
474.0 400.0 
75.5 106.5 
245.5 332.0 
394.0 396.0 
387.0 396.5 
3.5 170.0 
189.0 114.5 
480.0 317.0 
379.5 324.0 
1.5 182.5 
242.5 172.0 
112.5 161.5 
134.5 272.0 
381.5 267.0 
204.5 299.0 
468.5 385.5 
329.5 299.0 
191.0 113.5 
461.5 420.0 
175.0 275.0 
290.5 197.0 
406.5 343.5 
153.5 123.5 
116.5 153.0 
21.5 222.5 
372.5 375.5 
94.0 201.0 
478.5 414.0 
135.5 237.0 
155.5 107.5 
429.5 368.5 
482.0 283.0 
366.0 350.5 
186.5 217.0 
97.0 160.5 
393.0 331.5 
476.0 439.0 
19.0 72.0 
77.5 199.0 
86.0 274.0 
335.5 291.0 
400.0 273.0 
245.0 321.5 
330.5 295.0 
249.5 272.0 
363.5 265.0 
26.0 137.5 
125.5 152.5 
355.5 250.0 
296.5 232.0 
390.5 254.0 
369.5 232.0 
273.0 156.5 
233.5 329.0 
275.5 191.5 
169.5 280.0 
97.0 162.5 
476.5 399.5 
456.5 333.5 
42.5 225.0 
103.5 82.0 
253.5 214.0 
429.5 357.5 
444.5 430.0 
497.0 360.0 
7.5 101.0 
37.5 197.0 
156.5 222.0 
472.0 335.5 
480.5 326.0 
353.5 233.0 
152.5 253.0 
193.5 157.5 
264.0 172.0 
214.0 268.0 
397.0 260.0 
131.0 222.0 
6.0 114.5 
136.5 211.0 
423.5 430.5 
167.5 289.0 
407.0 347.0 
357.5 243.0 
402.5 426.0 
119.5 276.0 
231.0 164.5 
266.5 301.0 
199.0 173.5 
279.5 266.0 
144.5 230.0 
469.5 388.5 
83.5 182.5 
153.0 107.5 
468.0 301.0 
301.5 183.0 
113.5 149.5 
39.5 51.5 
36.5 39.5 
349.5 343.5 
90.0 265.0 
413.0 349.5 
310.5 360.5 
285.0 347.5 
466.5 399.5 
208.5 162.5 
245.0 314.5 
144.0 223.0 
202.5 257.0 
61.5 252.0 
321.5 263.0 
102.5 93.5 
74.0 207.0 
127.0 92.0 
123.5 214.0 
300.5 364.5 
187.5 228.0 
0.5 30.5 
467.5 252.0 
347.0 225.0 
371.0 243.0 
27.5 43.5 
491.5 473.0 
244.0 231.0 
74.0 193.5 
473.0 321.5 
479.0 452.5 
138.5 132.5 
286.0 349.0 
345.5 378.5 
8.0 219.0 
491.0 465.0 
319.0 294.0 
393.0 213.0 
474.5 401.5 
486.0 302.0 
114.5 197.0 
372.5 358.5 
389.0 310.0 
14.0 193.0 
483.0 382.5 
195.5 138.5 
109.5 179.0 
57.5 109.0 
471.5 327.0 
8.0 134.5 
233.5 250.0 
484.0 346.5 
492.0 322.0 
6.0 61.5 
443.5 345.0 
285.0 250.0 
404.0 278.0 
233.0 264.0 
152.5 208.0 
384.5 411.5 
233.5 296.0 
27.5 35.0 
468.5 337.0 
24.0 210.0 
496.5 344.5 
131.5 205.0 
205.0 156.5 
405.0 310.0 
240.0 264.0 
393.0 311.0 
453.5 372.5 
317.5 214.0 
55.5 57.5 
326.5 224.0 
1.5 170.0 
299.0 244.0 
296.5 175.0 
277.0 165.5 
184.5 128.5 
238.5 141.5 
0.5 116.5 
330.0 209.0 
50.5 150.5 
350.5 269.0 
480.0 331.0 
184.5 146.0 
163.5 211.0 
157.5 252.0 
75.0 100.5 
352.5 344.5 
387.0 345.5 
302.5 247.0 
115.5 280.0 
20.0 80.0 
41.5 71.0 
193.5 280.0 
60.0 229.0 
96.0 136.5 
130.5 257.0 
209.5 119.5 
165.0 295.0 
139.5 189.0 
347.5 195.0 
495.5 344.5 
9.5 210.0 
222.0 202.0 
159.5 301.0 
32.5 98.5 
221.5 168.0 
