317.5 242.0 141.5 346.0 
205.0 412.0 341.0 282.0 
339.0 163.0 319.5 356.0 
246.5 218.0 264.5 113.5 
473.5 289.0 445.0 64.0 
347.5 240.0 389.0 67.0 
161.0 334.5 389.5 445.0 
347.5 336.5 324.5 193.5 
145.0 324.5 193.5 359.0 
82.5 26.0 124.0 196.0 
471.5 91.0 310.5 56.5 
353.5 203.0 339.5 242.0 
102.5 401.0 227.5 434.0 
338.5 181.5 415.0 333.5 
257.0 448.5 192.0 421.5 
406.5 56.5 354.0 144.5 
158.5 98.5 219.0 283.0 
301.5 97.5 206.5 191.0 
417.5 414.0 258.5 419.5 
74.5 229.0 133.5 383.0 
349.0 288.0 331.0 340.0 
198.0 353.5 234.5 35.0 
476.0 304.0 304.0 121.5 
70.5 454.0 57.5 363.0 
138.0 448.0 223.5 375.0 
299.0 208.5 328.5 324.0 
282.5 231.5 267.5 40.5 
310.0 151.0 308.0 291.5 
189.0 438.5 337.5 410.0 
355.5 268.5 403.0 205.0 
272.0 348.0 176.5 338.5 
23.5 326.5 60.5 461.5 
483.5 166.0 408.5 271.0 
291.0 210.5 291.0 47.0 
309.5 185.0 367.0 234.0 
67.5 266.5 177.0 204.0 
181.5 443.0 171.0 363.0 
433.5 369.5 453.0 345.0 
144.0 67.0 269.5 161.5 
206.0 366.0 198.5 129.0 
43.0 140.0 153.5 378.0 
97.0 373.5 123.0 323.5 
30.5 383.5 161.0 428.5 
17.5 331.5 174.0 347.5 
183.0 199.5 306.5 130.0 
432.0 75.5 398.0 225.0 
117.0 294.5 128.0 74.5 
18.0 308.5 184.5 301.0 
467.5 391.0 409.5 283.0 
327.5 343.0 294.0 83.5 
300.0 252.0 440.0 147.0 
26.0 166.0 256.0 46.0 
25.5 407.0 182.0 372.0 
428.5 51.5 387.0 239.0 
340.0 224.0 384.0 198.0 
186.0 441.5 243.0 155.0 
89.0 302.5 235.5 123.0 
344.0 322.5 235.0 283.0 
130.0 461.5 272.5 405.0 
151.5 351.0 54.5 281.0 
473.5 347.5 400.0 406.0 
359.5 97.5 278.0 216.0 
455.5 382.5 317.0 186.5 
325.5 258.0 262.0 269.0 
236.5 352.5 407.0 117.0 
380.0 120.0 438.0 107.5 
133.5 330.5 280.5 386.5 
96.0 471.5 162.0 308.5 
442.0 382.5 335.0 280.5 
241.0 115.5 266.5 220.0 
211.0 244.0 172.5 434.0 
367.0 20.5 329.5 173.5 
337.5 49.5 122.5 157.0 
396.0 44.0 373.0 260.0 
470.0 263.5 342.0 123.5 
474.0 340.0 361.5 126.0 
364.0 388.0 366.0 463.5 
481.5 402.5 256.0 265.0 
73.5 379.0 46.0 380.0 
166.5 342.0 258.5 194.0 
217.5 452.0 432.5 287.5 
333.5 344.5 356.0 138.0 
340.5 186.0 434.0 298.5 
199.5 329.0 202.0 438.0 
241.0 230.0 98.0 226.0 
352.5 282.5 397.0 76.0 
26.5 464.5 108.5 424.5 
66.5 38.0 174.0 211.0 
138.5 48.0 198.5 47.0 
426.0 323.5 132.0 35.0 
313.0 438.5 360.5 215.0 
341.0 267.0 204.0 435.0 
165.5 462.0 368.5 382.5 
61.5 315.5 86.0 323.5 
152.5 188.5 140.5 110.5 
283.5 342.5 406.0 463.5 
17.0 176.5 158.0 124.5 
323.0 361.5 367.5 320.0 
141.5 122.0 174.5 148.0 
449.0 339.0 394.0 379.5 
284.5 427.5 289.5 192.0 
205.0 32.5 207.0 241.0 
390.5 86.5 343.0 55.0 
410.0 367.5 236.0 192.0 
397.5 200.5 247.0 308.5 
211.0 357.5 313.5 249.0 
460.0 105.0 418.0 82.0 
75.5 112.5 120.5 243.0 
350.5 64.0 342.5 316.5 
215.0 435.5 272.0 84.0 
412.0 367.0 376.5 349.0 
391.5 432.0 272.0 323.5 
428.5 170.5 200.0 57.0 
182.5 470.5 149.0 315.0 
437.5 153.5 459.5 354.5 
109.0 23.5 167.5 427.5 
394.5 233.5 437.5 376.5 
462.0 371.0 399.0 393.5 
335.5 371.5 354.5 222.0 
467.0 277.5 451.0 391.0 
44.5 226.0 138.0 359.0 
291.0 368.5 280.0 237.0 
112.5 150.0 126.5 341.5 
173.0 192.5 225.0 328.5 
166.5 380.0 154.0 375.0 
20.5 170.0 138.5 66.0 
453.0 424.5 336.0 208.0 
368.5 79.0 364.5 155.5 
191.0 189.5 179.5 337.5 
478.5 266.0 358.0 417.5 
328.5 347.5 352.5 325.5 
62.0 254.5 239.5 455.5 
212.5 122.5 407.5 146.5 
332.0 234.5 434.0 426.5 
198.5 277.5 264.0 318.5 
21.5 351.5 83.0 285.5 
437.0 255.0 392.5 273.0 
309.0 53.0 254.0 258.0 
295.0 286.0 372.5 434.5 
460.5 322.0 335.5 168.5 
323.0 442.5 262.0 249.0 
25.0 379.0 175.0 172.0 
433.5 371.0 450.5 182.5 
419.0 162.0 259.0 126.5 
414.5 181.5 346.5 242.0 
269.0 361.0 308.5 366.0 
279.0 393.0 258.0 208.0 
294.0 139.0 201.0 382.5 
38.0 472.0 161.5 334.5 
77.0 270.0 204.0 231.0 
37.0 365.0 331.0 282.0 
355.5 475.0 297.0 381.0 
19.5 420.5 220.0 255.0 
232.0 226.0 255.0 110.5 
463.0 138.5 453.0 290.5 
150.0 265.0 395.5 443.0 
220.5 269.0 187.5 262.0 
409.0 226.0 310.5 391.5 
225.0 348.0 220.0 338.5 
241.5 238.0 288.0 171.5 
209.5 195.0 320.5 90.0 
410.0 86.5 221.5 127.0 
162.0 322.5 396.5 261.0 
166.0 291.0 315.0 56.0 
439.0 95.0 247.0 105.5 
435.0 85.0 428.0 49.0 
144.0 214.5 251.0 113.5 
310.5 230.0 346.0 358.5 
52.5 250.0 111.0 318.0 
459.0 477.0 397.0 277.0 
477.0 350.5 367.5 262.0 
395.5 225.5 340.5 355.0 
246.5 222.0 326.5 349.0 
209.0 223.0 88.5 188.0 
130.0 442.0 187.0 301.0 
281.0 33.5 284.0 292.0 
372.0 310.0 298.0 366.0 
365.5 131.0 305.5 146.5 
80.5 319.0 167.5 242.0 
381.0 312.0 384.0 458.5 
266.0 398.0 305.0 403.0 
435.5 140.5 311.0 92.0 
43.5 422.5 199.0 387.5 
126.0 483.0 180.0 465.0 
77.5 287.5 110.0 386.5 
77.5 313.5 227.0 239.0 
482.0 316.5 361.0 302.5 
348.0 353.0 443.0 456.5 
385.0 180.5 191.0 127.0 
184.5 359.0 155.0 356.0 
117.0 342.5 256.0 344.5 
288.0 98.5 153.5 177.5 
315.5 246.0 351.0 363.0 
117.5 214.0 281.5 300.5 
300.5 213.0 261.0 281.0 
423.0 182.5 236.5 74.5 
49.0 168.5 212.0 314.5 
131.0 147.0 358.5 237.0 
94.5 58.0 165.5 234.0 
276.0 156.5 242.0 103.5 
124.0 151.5 313.0 204.5 
286.0 285.5 406.0 368.5 
273.0 317.5 355.5 456.0 
429.5 210.0 297.0 57.0 
282.0 148.0 263.0 141.0 
356.5 241.5 227.5 385.5 
137.5 245.0 278.5 327.5 
301.0 151.0 255.0 323.5 
337.5 329.0 247.0 90.0 
441.0 149.0 368.0 130.0 
142.5 26.0 103.5 114.5 
196.0 472.5 329.0 278.0 
78.0 235.5 75.5 325.0 
341.0 74.0 349.0 198.0 
171.5 327.0 260.0 213.0 
244.0 128.0 198.0 231.0 
443.0 330.5 386.0 325.5 
173.0 95.0 244.0 76.5 
468.0 385.0 237.5 195.0 
464.0 353.0 251.0 250.0 
122.5 247.5 76.5 145.0 
380.5 335.0 403.0 311.5 
197.5 367.5 156.0 256.0 
327.0 208.5 366.5 117.0 
421.5 359.5 349.5 264.0 
84.0 153.5 76.0 56.0 
128.5 23.5 235.5 45.5 
23.0 337.5 181.5 362.0 
265.0 265.0 272.5 385.0 
193.5 262.5 304.0 255.0 
274.5 59.0 308.0 42.0 
317.0 314.5 350.0 184.0 
311.5 327.5 278.0 335.5 
66.0 469.5 118.0 378.0 
146.0 238.5 112.0 92.0 
359.0 404.0 396.5 304.5 
299.0 320.5 185.5 354.0 
392.0 36.0 174.0 97.0 
61.5 263.0 169.5 192.0 
349.5 55.5 137.0 178.5 
180.0 430.0 157.5 422.5 
363.5 265.0 217.0 307.0 
463.0 124.0 363.5 109.5 
440.0 135.0 335.0 124.5 
307.0 440.5 317.5 308.0 
384.0 49.5 111.0 330.5 
420.5 305.5 275.0 449.0 
69.5 407.5 137.5 281.0 
397.5 283.5 401.5 401.0 
70.0 291.5 214.5 430.5 
251.0 370.0 283.5 371.0 
337.5 410.0 230.0 298.0 
273.0 128.5 458.0 293.0 
477.0 449.5 437.5 130.0 
229.5 431.5 282.0 280.0 
217.0 61.0 336.0 204.5 
391.0 473.5 310.5 165.5 
262.0 233.0 267.5 348.0 
171.5 87.5 159.0 130.0 
436.5 18.0 369.5 110.5 
466.5 475.5 364.0 360.0 
253.5 406.0 246.5 79.5 
404.0 260.0 317.5 164.5 
111.5 246.0 244.0 363.0 
272.5 455.5 347.0 428.5 
22.0 367.5 124.5 64.5 
242.5 235.0 296.0 39.5 
24.5 360.5 296.5 204.5 
129.5 108.5 153.0 113.5 
342.5 329.5 396.0 180.5 
230.0 58.5 276.5 372.0 
283.5 159.5 92.0 243.0 
325.0 66.0 255.0 92.0 
84.5 352.5 300.5 130.0 
82.0 261.0 227.0 262.0 
269.0 439.5 290.0 213.5 
292.5 259.0 290.0 259.0 
263.5 58.5 241.0 42.5 
49.5 85.0 140.5 271.0 
210.5 381.0 223.5 446.0 
349.5 307.0 396.0 414.0 
114.0 20.5 124.0 137.0 
423.0 74.5 299.5 125.0 
169.5 225.5 256.0 342.5 
34.5 217.5 67.0 250.0 
235.0 174.5 212.5 162.5 
296.5 353.0 199.5 446.0 
203.0 171.5 201.5 138.0 
422.0 84.5 234.5 46.0 
421.0 47.5 424.5 216.0 
375.0 308.0 236.0 235.0 
474.0 225.5 305.0 225.0 
322.0 35.5 185.5 350.5 
127.0 153.5 204.0 272.0 
468.5 396.5 436.5 176.5 
400.0 177.5 366.0 455.0 
71.0 322.0 204.0 373.0 
328.0 326.5 192.5 452.5 
150.5 398.5 172.5 78.5 
150.0 452.5 323.0 445.0 
440.5 409.0 431.0 153.0 
414.5 341.5 181.5 161.0 
440.0 235.5 412.0 337.0 
376.5 349.0 286.0 258.0 
169.5 301.5 156.0 387.5 
249.5 310.0 297.0 141.0 
153.0 483.0 217.0 448.0 
216.5 222.0 244.0 261.0 
110.5 397.5 196.0 272.0 
294.0 284.0 204.5 464.0 
305.5 178.5 229.5 37.5 
26.5 200.0 296.0 239.0 
475.0 207.0 407.0 198.5 
107.5 129.0 141.5 285.5 
218.0 343.0 280.5 387.5 
471.5 411.0 391.0 330.5 
265.5 122.5 280.5 428.5 
292.5 223.5 222.5 114.5 
262.0 417.0 219.0 254.0 
385.5 195.5 312.5 180.5 
281.0 23.5 345.0 181.5 
330.0 247.5 441.5 177.5 
423.0 407.5 206.0 254.0 
427.5 414.0 350.5 209.0 
154.0 101.0 214.5 148.0 
176.5 96.5 382.5 50.5 
482.0 392.5 415.0 235.0 
237.0 34.5 166.0 48.5 
380.0 194.5 89.0 156.5 
47.5 246.5 90.5 221.0 
107.5 316.0 143.5 216.0 
369.5 272.0 316.0 410.0 
375.0 334.5 452.0 315.5 
137.0 323.0 183.0 135.0 
107.0 17.0 184.0 82.5 
363.5 152.5 311.5 122.0 
126.0 473.0 146.5 321.5 
218.0 134.0 128.5 160.5 
40.0 231.0 184.5 420.0 
53.0 274.0 187.0 292.0 
354.0 134.5 257.0 217.0 
249.5 449.0 254.0 283.0 
269.0 364.5 309.0 284.0 
199.0 198.5 320.5 168.5 
224.0 176.5 273.5 166.5 
57.5 85.5 182.0 194.0 
400.5 167.0 418.0 266.0 
392.5 318.5 308.0 410.0 
101.5 285.0 122.5 386.5 
201.5 445.5 243.0 296.5 
21.5 130.5 53.0 112.5 
303.5 358.5 220.5 96.5 
18.5 301.0 146.5 456.5 
398.0 469.5 320.5 406.0 
370.5 291.5 123.5 251.0 
190.5 357.0 278.5 307.5 
161.0 398.0 231.5 348.0 
379.0 296.0 359.0 132.0 
381.5 358.0 388.5 366.0 
252.5 365.0 251.0 58.0 
48.5 76.0 171.0 204.5 
20.0 45.0 109.5 385.5 
214.0 166.5 273.0 190.5 
339.0 332.5 321.0 371.0 
271.0 459.5 251.0 322.0 
219.0 294.0 150.5 321.5 
349.5 468.5 227.0 191.5 
139.0 35.0 250.0 77.5 
395.5 43.0 318.0 34.5 
159.5 436.5 84.0 304.5 
338.5 280.5 305.0 286.5 
473.0 184.0 425.5 135.0 
337.0 73.0 339.0 61.0 
268.5 97.0 284.5 101.0 
49.5 118.0 126.5 56.0 
168.5 221.5 195.0 97.0 
462.0 335.0 308.5 97.5 
138.5 397.0 215.0 210.0 
231.0 140.5 176.5 248.0 
125.0 72.5 301.5 153.5 
284.5 164.5 181.0 36.5 
367.0 454.5 426.0 436.0 
280.5 51.5 228.0 271.0 
217.0 168.0 220.0 396.5 
332.5 482.5 364.0 407.0 
419.0 453.5 407.0 51.0 
209.0 92.0 85.5 154.5 
340.0 213.0 220.5 142.0 
431.5 237.0 401.5 304.0 
296.0 291.0 376.0 237.0 
405.5 301.5 316.5 343.5 
422.0 468.0 445.0 391.5 
57.0 120.5 185.0 88.0 
220.0 153.5 171.5 239.0 
150.5 43.0 218.0 51.0 
244.0 158.5 221.0 279.0 
315.0 132.0 345.0 71.5 
335.0 103.0 244.0 103.5 
339.5 276.0 198.5 98.0 
354.0 87.5 424.0 158.0 
230.0 247.5 237.0 212.0 
225.0 269.0 227.0 174.5 
278.5 87.0 302.5 71.5 
210.5 123.0 246.0 165.5 
145.5 214.5 379.0 236.0 
468.0 234.0 296.0 246.0 
474.0 324.0 308.0 410.0 
110.0 382.0 186.0 392.5 
283.0 374.0 280.0 300.0 
69.5 467.5 244.0 387.5 
71.0 420.0 154.5 345.5 
479.5 174.0 317.5 196.5 
101.5 444.5 155.0 286.0 
400.5 194.5 327.5 171.5 
92.5 336.0 312.0 444.0 
460.0 166.5 287.5 165.5 
476.5 93.0 353.0 67.5 
278.0 262.0 362.0 96.0 
466.0 385.0 307.0 357.5 
30.0 32.0 78.5 186.5 
236.0 295.5 260.5 329.5 
241.5 437.5 324.0 284.0 
211.0 478.5 189.0 220.0 
364.5 171.0 205.0 98.0 
252.0 22.0 350.0 364.0 
433.0 41.5 285.0 295.5 
417.5 417.0 406.5 180.5 
95.0 342.5 168.5 424.5 
267.0 459.5 346.5 312.5 
451.5 153.5 246.0 156.5 
186.0 66.5 211.0 73.5 
296.5 358.0 240.0 321.0 
317.0 110.0 344.5 162.5 
156.5 220.5 201.5 450.5 
17.5 238.0 278.5 365.0 
74.0 302.0 59.0 317.5 
308.5 213.0 332.0 398.5 
185.0 281.0 321.5 338.5 
103.0 147.0 205.5 194.5 
135.0 445.5 115.5 105.5 
477.0 349.5 218.5 401.0 
330.5 434.0 176.0 214.0 
438.5 99.0 375.0 183.5 
472.5 67.0 294.5 136.0 
185.0 103.0 156.0 55.0 
235.5 188.0 414.5 190.0 
208.0 400.5 73.5 442.0 
325.5 148.0 378.5 60.0 
91.0 294.0 127.5 334.5 
210.5 84.5 129.5 58.5 
433.0 96.0 288.5 328.5 
324.0 143.5 304.0 84.0 
299.0 341.5 214.0 456.0 
368.0 482.5 325.0 455.5 
51.5 248.0 236.0 222.0 
390.0 116.5 410.0 294.0 
127.5 97.0 246.0 212.0 
68.5 139.5 247.0 361.0 
416.5 329.5 294.0 225.0 
370.5 195.0 240.0 101.0 
262.0 129.5 160.0 211.0 
380.0 312.5 459.5 343.5 
28.5 420.0 186.5 329.5 
234.5 399.5 276.0 66.5 
304.5 109.5 234.0 358.0 
450.5 123.0 259.0 225.0 
230.0 318.0 147.0 252.0 
444.5 350.5 336.0 55.0 
462.0 418.0 179.0 427.0 
97.5 144.0 47.5 75.5 
97.5 471.0 142.0 255.0 
122.5 226.5 237.0 171.0 
385.5 365.5 453.0 231.0 
418.5 165.0 280.5 381.5 
198.5 432.0 257.0 307.5 
297.5 415.0 226.5 392.0 
322.0 156.5 319.0 211.0 
104.0 260.5 126.0 227.0 
160.5 215.5 167.0 237.0 
273.0 41.0 215.5 78.5 
160.0 290.5 215.5 143.0 
279.0 33.0 338.0 289.5 
323.0 217.5 304.0 372.0 
56.5 220.0 191.0 230.0 
109.0 458.0 182.0 456.5 
23.5 338.0 215.5 383.0 
477.5 176.0 306.5 438.5 
143.5 483.5 74.5 457.5 
411.5 219.5 433.0 381.0 
471.0 158.5 274.5 77.0 
375.5 438.0 165.0 307.5 
95.5 430.0 282.0 286.0 
412.5 404.0 312.5 437.0 
214.0 145.0 189.0 179.5 
75.5 171.5 186.0 72.5 
173.0 366.0 139.5 385.5 
435.5 160.5 421.0 159.5 
460.5 272.0 335.5 339.0 
153.0 130.0 192.0 373.5 
263.5 470.5 123.5 205.0 
316.0 461.5 306.5 376.5 
450.5 362.0 419.0 204.0 
193.0 392.0 234.5 441.0 
242.5 443.0 297.5 170.5 
106.0 167.5 337.5 178.5 
466.5 321.5 372.5 114.5 
310.0 400.5 285.0 457.5 
103.5 328.5 131.5 396.0 
135.0 67.0 225.0 241.0 
468.0 477.0 403.5 291.0 
110.0 84.5 354.0 191.0 
48.5 31.5 172.0 122.0 
320.5 338.5 357.0 372.0 
176.0 67.5 142.0 63.0 
422.0 150.5 371.0 33.0 
20.5 445.5 93.0 373.5 
329.5 34.5 223.0 285.0 
300.5 292.5 251.0 280.0 
68.5 155.5 54.0 220.0 
321.5 315.5 191.0 105.5 
131.5 265.5 154.5 113.5 
74.5 25.0 155.5 77.5 
311.5 17.5 209.5 139.5 
255.0 472.0 219.5 421.0 
362.5 82.5 346.0 132.0 
323.0 405.5 240.0 127.0 
235.5 79.0 124.0 119.5 
274.5 188.5 186.5 432.5 
44.5 333.0 203.0 219.5 
113.0 280.0 168.0 377.0 
251.5 18.0 272.5 53.5 
339.5 482.5 217.0 262.0 
416.0 393.5 414.0 338.0 
21.0 306.5 120.0 197.0 
20.0 298.5 138.0 252.0 
56.0 208.5 167.5 155.5 
479.5 131.0 428.5 317.5 
131.5 92.0 183.0 51.0 
182.0 354.5 252.0 219.0 
30.0 334.5 73.5 385.5 
301.5 358.5 247.0 412.0 
302.0 289.5 251.0 133.0 
474.0 226.5 396.0 134.0 
42.0 167.5 198.0 111.5 
161.0 258.0 289.0 251.0 
404.5 229.5 400.0 322.5 
440.5 147.0 285.0 425.5 
403.5 21.0 335.5 217.0 
410.0 351.0 458.0 342.5 
55.0 199.0 168.0 222.5 
273.0 345.5 135.0 129.5 
480.0 378.5 449.0 421.5 
364.5 203.5 348.0 311.0 
316.5 370.5 387.0 308.5 
78.5 72.5 289.0 308.5 
274.5 326.0 121.0 47.0 
263.0 38.0 306.5 36.5 
448.0 147.0 361.5 299.5 
305.0 446.0 119.5 441.0 
275.0 345.5 188.5 374.0 
387.0 261.0 399.0 276.0 
132.0 264.0 223.5 96.5 
215.0 334.5 166.5 324.5 
420.0 212.0 311.5 250.0 
212.0 319.5 140.5 447.0 
416.5 456.5 340.0 207.0 
176.5 344.0 109.0 243.0 
443.0 423.5 262.5 457.5 
25.0 290.5 224.5 73.5 
92.5 273.0 92.5 389.5 
222.0 122.5 279.0 223.0 
443.0 125.0 279.0 212.0 
118.5 385.5 261.0 217.5 
246.0 281.0 329.5 286.0 
86.0 186.0 154.5 266.0 
344.0 179.0 153.5 240.0 
75.0 334.0 84.5 305.5 
111.5 313.5 284.0 321.0 
285.5 445.5 226.0 453.5 
138.5 175.0 203.0 148.5 
184.0 78.5 291.0 424.5 
92.0 31.5 225.5 408.0 
41.5 420.0 156.0 432.5 
233.5 38.0 314.5 93.0 
390.0 141.0 281.0 271.0 
475.5 111.5 410.5 328.5 
276.0 357.5 72.5 405.0 
156.0 162.0 57.5 130.0 
223.0 349.5 142.5 333.5 
54.5 301.5 287.5 314.5 
127.0 107.0 162.5 260.0 
228.0 433.5 272.0 219.0 
325.5 331.0 296.0 253.0 
275.0 332.5 371.5 330.5 
314.0 282.0 332.0 442.0 
291.0 190.0 149.5 162.5 
394.5 191.5 328.5 359.0 
453.0 465.0 312.0 234.0 
100.5 266.0 284.0 394.5 
258.0 22.0 181.0 112.5 
76.5 476.5 134.5 379.5 
293.0 476.5 419.5 404.0 
161.0 439.5 337.0 98.0 
294.5 480.5 233.5 399.0 
112.5 72.0 66.0 129.0 
150.5 340.5 232.5 416.0 
31.5 282.5 165.5 160.5 
430.5 18.5 202.0 313.5 
199.0 468.5 229.0 458.5 
124.5 289.0 249.0 325.0 
28.0 284.5 96.5 55.0 
40.5 97.0 304.0 226.0 
213.0 355.0 264.0 352.0 
449.0 402.0 363.0 442.0 
424.5 246.0 430.5 207.0 
97.5 324.5 165.0 445.0 
57.0 429.0 181.0 35.0 
333.0 361.0 259.0 282.0 
47.5 237.5 283.5 381.0 
97.5 90.0 269.0 312.0 
210.0 237.0 331.0 214.0 
242.5 23.0 70.0 132.0 
272.0 255.0 118.5 304.0 
351.0 330.5 207.0 254.0 
146.0 310.5 292.0 293.0 
423.5 39.0 259.5 112.5 
101.5 66.0 48.5 308.5 
401.0 466.5 253.0 388.5 
82.0 344.5 88.0 165.5 
94.0 53.5 189.0 248.0 
26.0 466.0 124.0 279.0 
382.0 103.5 205.0 261.0 
194.5 313.5 400.0 377.0 
472.0 479.5 394.5 341.0 
88.0 127.5 116.0 223.0 
40.0 322.0 184.5 361.0 
104.0 232.5 145.0 294.0 
227.5 470.5 329.0 375.0 
354.5 363.0 359.5 333.5 
390.0 197.0 366.0 173.0 
233.5 430.5 249.0 146.0 
325.0 444.5 293.0 414.0 
478.5 67.5 383.0 140.0 
230.0 86.0 234.5 85.0 
357.5 113.0 262.0 315.0 
391.0 286.5 276.0 277.0 
221.0 89.5 267.5 457.5 
171.0 76.0 281.0 78.5 
20.5 246.5 210.5 137.0 
460.0 441.5 233.5 460.5 
290.5 459.0 246.0 427.0 
307.5 428.0 293.5 366.0 
364.5 435.0 268.5 452.5 
294.0 234.5 310.5 330.5 
246.0 346.0 298.5 373.5 
168.5 455.0 382.0 452.0 
402.5 207.0 372.5 189.0 
168.0 188.5 120.0 197.5 
134.5 231.5 70.5 355.0 
156.0 323.5 298.0 363.0 
60.5 37.5 144.5 348.0 
392.0 242.0 348.5 88.0 
323.0 58.0 287.0 157.0 
114.5 366.0 59.0 255.0 
233.0 371.5 186.5 445.0 
91.0 116.0 301.5 357.5 
384.5 218.0 301.0 90.0 
229.0 462.5 385.0 322.0 
87.5 393.5 284.5 365.0 
54.0 319.5 178.5 244.0 
356.5 348.0 425.0 100.5 
258.0 168.5 427.0 144.0 
465.0 403.0 437.5 272.0 
476.0 93.0 341.5 223.0 
479.0 327.5 373.0 185.5 
75.5 49.5 272.5 412.0 
254.0 102.0 239.0 238.0 
463.5 391.5 444.5 306.5 
364.5 236.0 388.0 235.0 
354.0 304.5 200.5 144.5 
456.0 339.0 246.0 226.0 
319.5 247.5 252.5 262.0 
244.5 234.5 338.0 74.5 
241.0 315.5 203.0 298.0 
399.0 171.5 328.0 245.0 
283.0 133.0 197.0 137.0 
71.5 141.0 116.0 317.5 
437.5 418.5 237.0 341.5 
202.5 50.0 294.5 346.5 
212.5 308.0 152.0 376.5 
465.0 398.0 343.5 244.0 
324.0 425.5 424.5 435.5 
363.5 93.5 296.5 76.5 
23.5 195.5 156.0 182.0 
103.5 421.0 105.0 321.5 
314.0 272.0 282.5 347.5 
283.0 304.5 190.0 387.5 
269.0 237.0 256.0 329.5 
225.5 408.5 224.0 457.5 
196.5 241.5 320.5 341.5 
279.5 105.0 332.5 329.5 
457.0 287.0 451.0 335.5 
337.5 244.5 417.0 69.5 
346.5 469.5 186.0 438.5 
356.5 201.5 314.0 110.5 
62.5 388.0 168.5 245.0 
476.5 242.0 423.5 136.0 
339.0 151.5 346.5 109.5 
125.0 456.0 129.0 385.5 
181.5 303.0 159.0 141.0 
205.5 437.5 186.5 438.5 
211.5 77.0 299.5 146.0 
67.0 474.0 292.0 317.0 
262.0 251.0 177.5 402.0 
176.5 27.5 195.0 158.5 
457.0 242.0 404.5 447.0 
246.5 281.5 284.0 275.0 
478.0 329.0 335.0 218.0 
417.0 188.5 442.5 130.0 
180.5 128.0 289.0 233.0 
216.5 117.0 194.5 54.0 
137.0 233.0 190.0 226.0 
339.5 270.0 312.0 119.0 
272.5 270.0 220.5 212.0 
354.0 483.0 336.5 349.5 
275.5 88.5 362.0 416.0 
400.5 414.0 436.0 423.0 
165.5 347.0 64.5 463.5 
481.5 204.0 387.5 441.0 
465.0 195.0 360.5 42.5 
278.0 18.0 338.0 206.5 
127.5 59.0 197.0 103.0 
171.0 21.5 176.5 165.5 
359.0 32.0 418.5 110.5 
418.0 147.5 307.5 419.0 
377.0 342.5 279.0 312.5 
425.5 26.5 372.0 311.5 
476.5 274.0 290.0 363.0 
334.5 447.0 346.5 459.5 
178.5 271.5 227.5 409.0 
424.0 29.0 215.0 298.5 
126.5 237.5 304.5 123.0 
71.5 253.0 113.0 314.5 
160.5 40.0 148.5 53.0 
410.5 179.0 358.0 243.0 
284.5 292.0 448.5 408.0 
20.0 347.0 80.0 349.5 
77.5 58.5 215.5 75.5 
48.0 185.5 111.5 183.0 
445.0 47.5 352.0 319.0 
164.5 253.0 150.0 380.5 
443.0 325.5 386.5 389.5 
216.0 251.0 197.5 332.5 
218.0 296.0 236.5 389.5 
149.5 439.5 164.0 452.5 
436.5 90.0 419.5 219.5 
51.5 208.0 130.5 337.5 
318.5 190.0 366.0 238.0 
190.0 29.5 187.5 103.5 
209.5 238.0 115.0 81.0 
324.5 40.0 183.0 134.0 
34.0 47.5 199.5 184.5 
152.5 47.5 267.5 122.5 
430.5 379.5 201.0 405.0 
255.5 54.5 240.0 149.0 
169.0 406.0 168.5 412.0 
111.0 231.5 139.0 66.0 
264.0 129.0 238.0 33.5 
338.0 192.0 273.5 95.0 
269.0 143.0 189.0 116.5 
175.0 146.5 175.5 324.5 
20.0 440.0 207.5 374.0 
224.0 147.5 133.5 211.0 
217.0 463.0 205.0 392.5 
320.0 122.5 277.5 410.0 
210.5 268.0 173.5 404.5 
429.5 150.0 305.0 202.5 
281.0 438.5 261.5 356.0 
19.5 309.5 129.0 361.0 
197.0 58.0 156.5 278.0 
384.5 393.5 408.5 388.5 
118.5 325.5 54.5 159.5 
304.0 250.5 298.0 170.5 
84.0 330.5 108.0 39.5 
112.5 114.5 105.0 251.0 
382.5 146.0 286.5 406.0 
97.5 156.5 173.0 45.5 
102.0 462.0 98.5 445.0 
205.5 381.5 322.5 77.0 
142.0 268.0 199.0 316.0 
317.5 216.0 354.5 452.0 
407.5 439.0 144.5 332.5 
167.5 66.5 363.0 90.0 
422.0 283.5 377.0 336.0 
48.0 409.5 128.5 294.0 
319.0 304.5 331.5 409.0 
193.5 69.0 157.0 212.0 
154.5 313.5 129.5 226.0 
148.0 407.0 241.0 112.5 
228.0 154.5 201.0 285.5 
336.5 111.0 335.0 46.5 
422.5 223.0 310.0 387.5 
22.5 335.0 216.0 335.5 
478.5 310.5 421.5 186.0 
37.5 103.5 126.0 51.0 
274.5 302.5 325.5 275.0 
296.0 434.0 269.0 243.0 
48.5 393.0 142.0 377.0 
381.5 209.0 426.0 425.5 
87.0 68.5 202.5 136.0 
24.0 302.5 225.5 360.0 
170.5 212.5 217.0 318.5 
91.0 131.5 156.5 94.0 
438.0 60.5 350.5 243.0 
340.0 253.0 331.0 43.5 
27.5 264.5 98.5 333.5 
261.0 428.5 234.0 304.0 
190.5 419.0 201.0 227.0 
179.5 235.0 102.0 407.0 
356.5 195.0 293.5 134.0 
477.5 39.0 325.5 77.0 
55.5 304.0 136.5 162.0 
408.5 250.5 282.5 387.5 
377.0 408.5 456.5 277.0 
353.5 478.0 264.5 459.5 
284.5 397.5 353.5 283.0 
72.0 67.5 204.0 282.0 
87.0 21.0 112.5 205.5 
76.0 256.0 195.5 169.5 
443.0 417.0 111.0 419.0 
381.5 176.5 375.0 324.5 
323.0 185.5 233.0 190.0 
225.0 30.0 222.0 166.5 
209.5 198.0 186.0 402.5 
199.0 428.5 234.0 245.0 
376.0 71.0 304.0 209.0 
411.5 191.0 326.5 87.0 
148.0 376.0 218.0 409.0 
355.5 390.0 280.5 449.0 
265.0 210.0 239.0 225.0 
188.0 481.5 231.0 162.5 
141.5 98.5 167.0 124.0 
50.0 235.0 160.5 154.5 
235.5 232.0 229.0 231.0 
410.0 315.0 298.0 271.0 
240.0 106.5 177.5 92.0 
263.0 360.0 188.0 395.5 
93.0 204.0 148.0 216.0 
441.5 163.0 326.5 348.0 
55.5 471.5 125.5 295.5 
435.5 457.5 324.0 129.0 
183.5 452.5 147.5 173.0 
284.0 283.0 316.0 306.0 
446.0 333.5 403.0 274.0 
153.0 59.0 193.5 180.0 
352.5 153.0 268.5 314.5 
275.0 26.0 232.0 170.5 
107.5 131.0 189.0 241.0 
278.0 36.0 159.0 184.5 
331.0 212.5 414.0 417.0 
431.0 194.5 297.0 402.0 
374.0 239.5 319.5 151.5 
440.5 376.5 367.0 351.0 
177.0 219.0 152.0 204.0 
426.0 113.5 177.0 371.0 
39.5 285.5 164.0 190.0 
23.0 376.0 128.5 387.5 
30.0 157.5 145.5 449.5 
298.5 234.0 197.5 171.5 
315.0 462.0 254.0 448.0 
247.5 211.0 182.0 41.5 
67.5 434.5 115.0 313.5 
476.5 430.5 426.5 405.0 
173.0 47.5 143.5 170.5 
333.5 58.0 413.5 75.0 
66.0 165.0 267.0 124.0 
353.0 73.5 242.0 153.5 
215.0 394.0 119.0 276.0 
467.0 371.0 292.0 377.0 
376.0 21.0 244.0 154.5 
53.5 68.0 273.5 181.0 
95.0 68.5 292.5 66.5 
357.5 223.0 182.0 147.0 
390.5 72.0 379.0 88.0 
463.0 184.0 436.0 197.0 
45.0 239.5 111.5 308.5 
382.0 48.5 389.0 70.5 
25.5 303.0 302.0 213.0 
452.0 80.5 202.5 37.5 
179.5 234.5 317.0 364.0 
202.0 100.0 56.5 62.5 
440.0 251.0 184.0 197.5 
453.0 301.5 272.0 228.0 
238.0 70.5 252.0 332.5 
203.5 26.0 209.0 86.0 
430.0 107.5 368.0 310.5 
105.5 166.0 123.5 126.5 
93.5 191.0 210.5 158.5 
86.5 269.5 150.5 392.0 
341.0 399.5 256.0 171.5 
361.0 262.0 211.0 84.0 
341.0 143.5 334.5 79.5 
271.0 408.5 339.5 317.0 
23.5 340.5 38.0 262.0 
290.5 64.5 251.0 42.5 
375.0 276.0 279.0 285.5 
221.0 461.5 148.5 158.0 
36.0 374.5 122.0 187.0 
211.0 470.5 312.5 423.0 
480.0 291.0 363.0 249.0 
181.0 98.0 160.5 176.5 
105.5 285.5 117.5 109.5 
279.5 364.5 345.0 369.0 
23.0 427.5 137.5 454.5 
171.5 338.5 196.0 373.0 
309.5 265.5 299.0 399.0 
320.5 426.0 72.5 400.5 
168.0 435.5 287.0 402.0 
459.5 340.5 284.5 130.0 
188.5 380.0 283.5 71.5 
231.0 315.0 315.0 213.0 
103.0 479.0 225.5 410.0 
26.5 281.5 103.0 320.0 
400.0 196.5 387.5 199.0 
440.0 175.5 413.0 79.5 
385.5 92.5 144.0 190.5 
47.0 310.0 105.5 293.0 
429.5 94.0 300.0 109.5 
278.0 138.0 438.0 216.5 
143.5 305.5 223.0 177.0 
51.5 375.0 144.5 394.5 
186.5 329.0 170.5 385.5 
379.5 348.5 288.5 388.5 
470.5 233.0 298.5 328.5 
16.5 346.0 175.0 289.5 
202.0 260.0 330.5 122.5 
320.0 170.5 392.5 155.0 
265.5 372.0 157.0 190.0 
192.0 140.0 229.5 438.0 
389.0 158.5 404.0 369.5 
233.5 407.0 354.0 392.5 
45.5 415.0 161.0 369.0 
417.0 331.5 304.0 368.0 
82.0 33.5 179.0 209.5 
41.5 369.5 109.5 294.0 
405.0 424.5 342.0 144.5 
235.5 190.0 356.5 287.5 
242.0 22.0 268.0 110.5 
424.5 425.0 268.0 348.5 
251.0 299.0 361.5 266.0 
38.5 426.5 107.5 340.5 
263.5 432.5 141.0 359.0 
475.5 440.0 260.5 457.5 
104.0 211.5 193.5 38.0 
371.0 468.5 345.0 296.0 
336.5 187.5 257.0 216.0 
344.5 260.0 87.0 202.0 
253.0 140.5 146.5 38.5 
306.5 413.0 298.5 378.0 
17.5 359.5 118.0 242.0 
25.0 278.0 53.5 448.0 
211.0 184.0 120.0 366.0 
276.0 18.5 317.0 190.5 
206.0 329.5 259.0 255.0 
27.5 457.5 75.0 194.5 
82.5 419.0 245.0 430.5 
480.0 230.0 358.5 321.5 
59.5 117.0 198.0 417.0 
247.0 139.5 327.0 52.0 
392.5 452.5 294.0 190.5 
62.0 125.5 146.5 278.0 
28.0 347.5 159.5 411.0 
293.0 55.0 296.5 68.5 
18.5 115.5 109.5 102.5 
174.0 176.5 179.0 199.0 
274.5 52.5 174.5 85.5 
357.0 330.0 148.5 106.5 
349.5 309.5 267.5 423.0 
482.0 142.5 361.5 341.0 
280.0 326.5 202.0 412.0 
341.5 24.5 411.0 239.0 
93.0 346.5 104.5 356.0 
360.0 58.5 355.0 89.0 
474.5 234.0 377.5 200.0 
127.0 113.5 289.0 257.0 
424.5 289.5 372.5 236.0 
438.5 278.5 306.0 453.5 
411.5 86.5 311.0 119.0 
454.0 124.0 388.0 65.0 
47.0 262.0 321.0 135.0 
150.0 248.5 244.0 369.0 
290.5 342.5 333.5 154.0 
471.5 432.0 427.0 408.0 
67.5 468.5 150.5 204.0 
34.5 158.0 190.0 105.5 
237.5 435.5 258.0 275.0 
60.5 51.0 99.0 41.5 
174.0 154.0 404.0 156.0 
191.0 157.0 239.0 311.5 
28.0 61.0 82.0 209.5 
29.0 206.5 87.0 458.5 
114.0 258.5 201.0 191.0 
277.0 205.5 259.0 145.5 
251.5 163.5 338.0 253.0 
294.0 306.0 175.5 194.5 
375.5 21.0 241.5 59.5 
352.5 436.0 308.5 454.5 
149.0 183.5 158.0 184.0 
164.5 351.0 250.0 378.0 
386.5 407.5 291.0 447.0 
428.5 456.0 377.0 273.0 
377.5 105.0 184.5 165.5 
271.0 135.0 247.0 161.5 
38.5 363.5 68.5 249.0 
286.0 398.5 374.5 303.0 
430.0 123.5 368.0 149.0 
246.0 419.0 152.0 366.0 
212.0 118.5 294.5 120.5 
372.5 182.5 180.5 238.0 
33.0 428.5 144.5 344.0 
195.5 375.5 305.5 346.5 
151.0 202.0 234.0 355.0 
363.5 227.0 429.0 92.0 
103.5 328.5 120.0 444.0 
68.5 380.5 134.0 313.0 
471.0 465.0 298.5 443.5 
265.0 22.5 185.5 97.0 
110.0 335.5 196.0 402.5 
46.5 360.5 138.5 170.0 
314.0 307.5 315.0 282.5 
334.0 437.5 265.5 418.0 
379.0 112.5 326.0 215.0 
328.0 181.0 245.0 124.5 
407.0 24.0 287.0 235.0 
473.0 382.5 221.5 442.0 
390.5 118.5 281.0 55.0 
19.5 122.0 93.0 214.0 
287.5 87.0 342.0 169.5 
241.0 24.0 335.0 51.0 
348.0 424.0 142.5 230.0 
428.5 300.5 223.5 283.0 
359.0 315.0 225.0 320.5 
231.0 297.5 118.5 155.5 
97.0 454.5 156.0 374.0 
444.5 158.5 296.5 60.0 
51.0 109.5 58.0 111.5 
468.5 36.5 391.5 283.0 
159.0 398.5 164.0 294.0 
383.0 94.5 283.0 122.0 
253.5 16.0 258.5 106.5 
210.0 191.5 129.5 406.0 
438.5 42.5 386.0 36.5 
208.5 77.5 132.0 199.5 
128.0 17.5 294.0 129.5 
386.5 375.0 408.0 390.5 
351.5 412.5 246.0 127.5 
31.0 87.0 75.0 62.0 
475.5 93.0 327.0 48.5 
332.5 22.0 283.0 43.5 
47.5 417.0 225.0 268.0 
412.0 370.0 322.5 406.0 
53.0 463.0 68.5 406.5 
18.0 233.0 140.0 205.5 
286.5 43.0 263.0 64.0 
127.5 199.0 178.0 212.0 
119.0 455.0 172.0 388.5 
104.5 258.0 259.0 90.0 
365.5 470.5 301.5 318.0 
432.0 426.5 284.5 152.0 
24.5 207.5 65.5 251.0 
410.0 301.5 444.0 105.5 
226.5 460.0 281.5 176.5 
239.5 102.0 289.0 426.5 
93.0 340.0 136.5 351.5 
364.5 352.0 419.5 283.0 
380.5 430.0 285.0 223.0 
461.5 46.0 423.5 136.0 
337.5 211.0 345.5 210.5 
154.5 284.5 239.0 274.5 
438.0 350.5 419.5 277.0 
160.5 433.5 388.5 344.5 
373.5 352.0 304.0 264.0 
128.5 361.5 144.5 160.5 
20.0 345.5 344.0 122.0 
392.0 37.0 257.0 388.5 
270.0 303.0 185.5 168.5 
243.0 20.5 322.5 185.0 
23.5 472.0 203.0 192.0 
394.5 482.0 365.5 434.0 
172.0 153.0 359.0 133.0 
246.5 478.0 259.5 375.0 
347.0 150.0 240.5 108.5 
43.0 377.0 176.0 441.0 
456.5 247.0 364.0 110.5 
428.0 55.5 133.0 85.0 
396.0 185.0 370.5 94.0 
472.5 379.5 391.0 458.0 
53.5 298.0 85.5 184.5 
75.5 305.5 76.5 318.0 
65.0 195.0 96.5 181.0 
182.5 51.5 218.5 138.0 
454.0 78.5 241.5 39.5 
60.5 184.0 114.5 387.5 
400.5 129.5 269.0 193.0 
390.5 190.5 123.5 163.5 
277.0 173.5 274.0 181.5 
306.5 195.5 416.0 292.5 
444.5 214.0 376.0 237.0 
152.5 318.5 229.5 424.0 
457.5 119.5 406.0 159.5 
478.0 419.0 399.5 276.0 
255.0 238.0 277.5 85.0 
273.0 116.5 150.0 347.5 
370.5 244.5 362.5 107.0 
403.0 472.0 358.0 301.0 
423.0 261.0 422.5 137.0 
170.5 355.0 228.0 213.5 
73.5 399.5 350.5 437.5 
478.5 270.5 354.5 408.0 
473.0 291.0 300.0 287.0 
88.0 106.5 137.0 359.0 
400.5 471.0 223.0 261.0 
195.0 52.0 281.5 345.0 
127.0 68.5 164.5 50.0 
204.5 165.0 125.0 317.5 
225.5 256.0 300.5 127.5 
126.5 397.0 214.0 458.5 
107.5 475.5 285.5 196.0 
124.0 207.5 244.0 105.5 
186.5 219.0 235.0 305.5 
337.5 467.0 244.0 394.5 
19.0 257.0 186.5 329.5 
412.5 168.5 314.5 328.5 
281.0 127.0 366.5 170.5 
288.0 242.0 185.5 295.0 
159.5 243.0 171.0 98.5 
121.5 304.5 140.5 443.0 
50.0 149.5 193.5 353.0 
217.5 25.0 244.0 108.5 
436.5 121.0 208.5 89.0 
277.0 105.5 153.0 84.0 
279.0 364.0 380.0 121.5 
439.5 334.5 321.0 207.0 
364.0 324.5 273.0 44.5 
342.0 80.0 207.5 98.5 
158.0 313.5 437.5 289.5 
120.0 148.5 280.5 198.0 
339.5 283.5 410.0 81.0 
174.5 79.0 191.5 256.0 
419.5 447.0 156.0 433.0 
451.0 243.5 279.0 104.5 
83.0 79.5 165.0 47.0 
238.0 417.0 333.5 108.5 
132.5 355.5 41.5 164.5 
355.5 148.0 213.0 181.5 
81.0 399.0 212.0 456.5 
312.5 290.0 298.0 300.5 
232.0 40.5 110.5 289.5 
161.5 191.0 116.0 277.0 
443.5 283.0 419.5 177.5 
240.5 477.0 284.0 244.0 
358.5 79.0 241.0 36.5 
264.0 306.5 301.5 306.5 
372.5 372.0 375.0 181.5 
201.0 283.0 163.0 314.0 
223.0 18.5 273.0 215.0 
201.5 281.5 132.5 330.5 
453.0 332.0 394.0 445.0 
18.0 217.0 210.0 207.0 
242.0 425.0 170.0 462.0 
238.5 257.0 85.5 352.0 
256.0 195.0 279.5 350.0 
26.0 178.5 71.5 183.0 
186.0 208.5 173.5 94.0 
81.5 411.0 171.0 444.0 
49.5 283.5 155.0 384.5 
464.0 269.0 434.0 261.0 
79.0 130.5 214.0 72.5 
98.0 232.0 198.0 34.5 
18.0 152.0 151.5 400.5 
475.5 307.5 380.5 411.0 
436.0 71.0 404.5 53.0 
440.5 71.0 258.5 345.0 
21.5 69.5 139.0 63.0 
441.5 128.0 306.5 42.0 
342.0 109.5 461.0 264.0 
256.0 49.5 295.5 124.5 
353.5 288.5 162.0 213.0 
376.0 196.0 222.0 213.0 
177.5 382.5 216.5 375.0 
391.0 136.0 271.5 147.5 
227.0 386.5 209.0 350.5 
373.0 293.5 254.0 188.0 
398.0 27.5 307.0 233.0 
69.0 187.5 225.0 82.0 
130.0 296.5 236.0 388.5 
167.5 73.0 292.0 181.5 
95.5 373.0 150.0 351.5 
259.5 45.5 247.5 369.0 
250.0 353.0 270.0 259.0 
54.0 314.5 192.5 270.0 
208.0 137.0 138.0 141.0 
467.5 136.0 284.5 211.0 
77.0 258.0 234.0 236.0 
146.5 215.0 341.0 321.0 
165.0 156.5 200.5 185.5 
335.5 313.0 255.5 410.0 
382.0 207.0 324.0 169.5 
304.0 303.5 179.0 376.0 
409.0 273.5 392.0 354.5 
268.5 46.0 102.5 207.0 
86.5 242.0 102.5 432.5 
26.0 422.5 114.0 153.5 
219.5 310.5 173.0 268.0 
286.5 466.0 293.5 370.0 
131.0 407.0 114.0 452.5 
30.5 348.0 64.0 351.0 
147.0 335.0 280.0 464.5 
310.0 406.5 173.5 461.0 
176.0 111.0 225.5 409.0 
196.0 312.5 317.5 329.5 
280.5 131.5 168.0 369.0 
279.0 124.5 361.0 205.0 
223.0 82.0 401.5 264.0 
255.0 40.5 255.5 79.5 
229.0 152.5 164.0 121.5 
402.5 400.0 377.5 284.0 
39.5 263.0 203.0 105.5 
163.5 277.5 266.0 263.0 
349.0 163.5 128.5 128.5 
176.0 344.5 264.0 218.0 
270.0 314.5 236.0 356.0 
98.5 356.0 160.0 190.0 
172.5 477.0 85.5 438.0 
253.0 476.0 225.0 289.0 
144.5 55.5 163.0 384.5 
82.0 21.0 131.5 43.5 
254.0 325.5 265.0 415.5 
112.5 245.5 245.0 342.5 
381.5 37.0 446.0 107.5 
472.0 374.0 263.5 375.0 
369.0 57.5 288.0 208.0 
438.5 26.0 368.0 33.5 
137.0 476.5 241.0 394.5 
71.5 214.5 247.0 44.5 
143.5 185.5 311.0 203.0 
335.0 231.0 250.0 140.0 
192.0 146.5 241.0 340.5 
378.0 161.0 363.5 157.5 
185.5 152.0 163.5 244.0 
244.0 224.0 288.5 358.0 
82.5 339.0 133.0 305.5 
376.5 94.5 211.0 189.5 
82.0 466.5 271.5 388.5 
264.0 201.5 296.0 204.0 
61.0 398.5 201.5 317.5 
38.0 119.5 244.0 406.5 
109.5 395.5 356.5 314.5 
474.5 27.5 241.0 296.0 
46.5 339.5 76.0 457.5 
49.5 297.5 244.0 175.5 
68.0 169.0 159.0 196.5 
207.0 95.0 77.0 263.0 
34.0 265.0 218.5 357.0 
281.0 162.5 260.0 179.5 
474.5 389.5 377.0 274.0 
88.5 211.0 365.0 120.0 
189.0 456.0 226.5 392.5 
345.0 173.5 348.5 103.5 
184.5 216.0 146.5 103.5 
200.5 422.0 300.5 190.0 
186.0 227.5 186.0 310.5 
35.0 247.0 169.0 186.5 
224.0 275.5 137.5 48.5 
364.5 271.0 168.0 376.0 
413.0 179.5 342.5 45.5 
196.5 99.5 230.5 399.0 
340.0 236.0 280.5 371.5 
82.0 298.0 154.5 229.0 
178.0 274.0 47.0 180.5 
203.5 219.0 273.0 361.0 
377.5 137.0 240.5 117.5 
91.5 25.0 171.5 66.5 
169.5 134.0 324.0 250.0 
178.5 376.0 231.5 135.0 
427.5 447.5 286.0 426.5 
87.5 89.5 141.0 314.5 
76.0 228.0 53.5 416.5 
308.5 155.5 320.0 378.5 
458.5 290.5 364.5 326.5 
90.0 194.5 73.0 212.0 
234.0 340.5 315.5 432.5 
29.0 433.0 175.5 407.0 
438.5 342.0 238.0 422.5 
405.0 222.0 254.0 93.0 
313.0 180.5 215.0 181.5 
395.5 264.5 333.0 64.0 
29.5 277.0 153.0 302.5 
407.5 271.0 373.0 264.0 
277.5 381.0 443.5 371.0 
250.5 159.5 209.5 313.0 
114.0 222.5 226.5 143.0 
19.5 132.0 197.5 78.5 
436.5 429.0 305.0 196.5 
36.5 135.5 76.0 82.5 
203.0 147.0 304.5 181.5 
56.0 402.5 240.5 309.5 
415.5 209.0 420.5 399.5 
247.0 49.5 433.5 180.5 
401.0 269.5 232.5 164.5 
263.5 305.0 204.0 384.5 
416.0 223.5 148.5 359.0 
47.0 202.5 198.0 84.0 
422.5 267.0 313.5 230.0 
28.5 469.0 189.5 152.5 
22.0 233.5 80.0 266.0 
301.0 130.0 314.5 158.0 
48.0 316.5 93.0 130.0 
305.5 185.0 265.0 309.0 
29.5 231.0 223.0 462.5 
478.0 383.5 242.5 453.0 
388.0 335.5 302.0 224.0 
214.0 80.5 207.5 143.0 
197.5 442.5 78.0 334.5 
24.0 69.5 97.5 307.0 
244.0 95.5 252.0 273.0 
393.5 146.5 370.5 327.5 
89.0 321.0 166.5 70.5 
216.5 109.0 169.0 60.5 
85.0 251.5 180.0 454.5 
61.0 278.0 199.5 49.0 
105.5 302.5 225.0 251.0 
457.0 85.5 396.0 213.5 
140.0 471.0 126.0 405.0 
223.5 34.0 307.0 91.0 
436.5 371.0 387.5 295.0 
66.5 116.5 77.0 74.5 
193.0 133.0 86.0 147.0 
130.0 236.0 363.0 264.0 
219.0 402.0 358.0 203.5 
478.0 434.5 285.5 364.0 
79.0 321.0 295.0 226.0 
154.0 66.0 120.0 91.5 
104.5 307.0 276.0 458.5 
361.0 406.5 293.0 265.0 
290.0 71.0 167.0 311.0 
161.5 471.5 133.0 428.5 
212.5 397.0 306.5 446.0 
50.0 255.5 335.5 252.0 
431.5 327.5 420.5 436.5 
362.0 171.5 243.0 206.0 
472.0 476.0 383.5 395.5 
449.0 251.5 331.0 310.0 
335.5 95.5 321.0 71.5 
81.5 148.0 251.0 57.0 
347.5 245.5 372.0 127.5 
117.0 295.5 265.5 52.0 
362.0 349.5 353.5 151.0 
314.5 278.5 371.5 428.5 
90.5 346.5 346.5 100.0 
192.0 226.0 259.5 102.5 
24.0 155.5 194.0 170.5 
429.0 254.0 407.5 242.0 
296.5 276.0 314.5 359.0 
327.0 376.0 413.0 68.5 
443.0 144.5 281.0 263.0 
56.0 428.0 172.0 282.0 
372.5 379.5 224.5 387.5 
380.0 273.0 297.0 323.0 
200.5 189.0 143.5 228.0 
100.5 443.0 74.5 410.0 
224.0 292.5 219.0 266.0 
290.5 434.0 425.0 416.0 
54.5 219.5 142.5 261.0 
320.5 241.0 420.0 243.0 
390.0 407.5 373.5 412.0 
308.5 314.5 276.0 403.5 
24.0 239.5 184.5 134.0 
366.5 157.5 320.5 145.5 
187.5 17.5 163.0 201.0 
137.5 364.0 110.0 44.0 
352.0 214.0 371.5 96.0 
90.5 381.5 160.5 173.5 
439.5 384.0 315.0 409.0 
307.0 32.0 279.0 117.0 
126.5 24.5 132.0 244.0 
209.0 345.5 221.0 275.0 
392.5 419.5 433.0 311.0 
362.5 363.0 290.5 350.5 
456.0 217.5 335.0 370.0 
327.0 328.5 267.5 187.0 
472.0 326.5 345.5 264.0 
470.0 171.5 317.5 185.0 
451.0 227.0 314.5 421.5 
211.0 300.5 146.0 425.0 
286.0 51.5 296.0 129.0 
469.0 439.5 333.5 242.0 
106.5 89.0 201.0 80.0 
102.5 346.5 148.5 84.0 
307.5 65.0 323.5 93.5 
224.0 117.5 194.5 300.0 
222.0 126.0 274.5 403.0 
217.0 405.5 239.5 385.0 
135.5 339.0 195.0 177.5 
379.5 296.0 295.5 325.5 
421.0 285.5 263.5 119.5 
113.0 418.5 153.0 365.0 
254.0 93.0 99.5 235.0 
372.0 109.0 451.5 118.5 
148.5 392.5 215.5 141.0 
237.5 240.0 224.0 293.0 
189.5 427.0 242.5 390.5 
357.5 70.0 338.5 95.5 
91.5 270.5 97.5 102.5 
114.5 302.5 134.5 86.0 
346.0 206.5 423.5 67.5 
89.5 233.5 108.5 338.0 
210.0 396.5 252.0 71.5 
27.5 373.5 117.0 367.0 
364.5 246.0 408.5 396.0 
357.0 139.5 406.5 310.5 
127.0 158.5 55.5 185.5 
242.5 351.5 129.0 89.0 
191.5 102.5 232.0 183.5 
91.5 132.5 53.5 62.5 
63.5 172.0 93.5 263.0 
35.0 384.5 193.5 142.0 
315.5 351.5 436.5 362.0 
353.0 345.5 278.0 296.0 
149.5 442.5 233.5 418.0 
107.0 146.0 255.0 52.5 
471.5 465.5 394.5 151.5 
447.0 282.5 445.0 216.0 
269.0 201.5 188.0 110.5 
362.5 265.5 193.5 48.5 
445.0 246.0 389.5 351.5 
254.0 150.0 365.5 120.0 
361.0 221.0 227.5 173.5 
156.5 317.5 156.5 41.5 
469.0 274.5 332.5 330.5 
315.5 472.0 124.5 307.5 
248.0 209.0 191.5 340.5 
282.5 212.0 330.5 251.0 
364.5 282.0 306.0 279.5 
43.5 174.0 169.0 135.0 
306.0 407.5 145.0 307.5 
94.5 26.5 180.5 89.0 
131.5 268.5 328.0 378.5 
441.0 457.5 454.0 138.0 
410.5 259.5 314.0 290.5 
83.0 148.0 240.0 348.0 
303.5 153.0 138.5 380.0 
473.0 142.0 397.5 101.0 
177.0 312.5 331.5 91.0 
412.5 46.5 392.5 64.5 
174.5 46.5 128.0 118.0 
95.0 319.5 119.5 110.5 
258.5 284.0 235.5 223.0 
276.0 279.0 194.0 383.5 
147.5 409.0 260.0 272.0 
176.5 476.5 360.5 332.5 
202.5 475.0 203.5 454.5 
296.5 359.0 228.5 370.0 
79.5 242.5 370.5 104.5 
395.5 353.5 267.0 252.0 
227.0 173.0 396.0 97.0 
419.5 70.5 434.5 72.5 
174.5 58.0 217.0 59.0 
421.0 36.5 357.0 131.0 
101.0 122.5 148.5 80.0 
119.5 451.5 124.0 337.5 
364.0 33.0 126.0 37.0 
275.0 442.5 344.0 411.0 
363.0 143.5 393.0 329.5 
429.0 75.0 239.5 111.5 
399.0 474.5 298.0 204.5 
348.5 154.5 330.0 102.0 
329.0 32.5 294.5 334.5 
70.0 217.0 47.0 240.0 
218.0 206.0 245.0 326.5 
453.5 168.0 353.0 126.0 
361.0 23.0 256.5 113.5 
26.5 269.5 107.0 377.5 
289.0 476.0 187.0 456.5 
163.0 176.5 182.5 307.5 
309.5 446.5 320.0 214.0 
57.0 191.5 143.0 417.0 
260.0 132.0 382.0 421.0 
469.5 126.5 284.0 82.5 
59.0 196.5 107.5 63.0 
64.0 178.5 47.0 173.0 
257.0 468.5 269.0 435.5 
443.5 391.5 168.5 396.5 
197.5 330.5 198.0 381.0 
472.5 94.0 393.0 127.0 
83.5 232.5 250.0 312.0 
376.0 384.5 321.0 196.0 
87.0 480.0 197.5 419.5 
61.5 192.0 296.5 134.5 
131.5 122.5 101.0 66.5 
244.0 411.5 153.0 287.0 
105.5 431.5 59.0 251.0 
194.5 432.0 107.5 394.5 
167.0 116.5 263.0 274.0 
345.5 238.0 220.5 162.5 
257.5 309.5 195.0 373.0 
424.0 165.0 418.0 412.0 
23.5 369.5 89.0 119.0 
21.0 87.0 193.5 325.5 
360.0 345.0 305.5 437.0 
482.0 184.5 258.0 280.5 
40.0 226.0 72.5 164.5 
49.5 265.5 135.0 260.0 
137.5 361.5 220.0 454.0 
64.5 147.0 142.0 194.0 
284.5 474.5 379.5 357.0 
409.0 206.5 269.5 361.0 
379.0 77.5 316.5 49.0 
269.0 135.0 213.0 226.0 
453.0 27.5 299.5 184.0 
175.0 175.5 211.5 129.5 
397.5 300.5 299.0 305.0 
114.5 253.5 53.5 91.0 
160.0 383.5 205.0 400.0 
80.0 433.0 105.5 295.0 
149.0 216.5 118.0 330.5 
467.0 189.0 435.5 50.5 
254.5 316.5 216.0 52.0 
237.0 246.5 304.0 293.0 
466.0 382.0 352.0 371.5 
348.5 310.5 218.0 73.5 
421.5 269.0 369.0 140.0 
38.5 189.5 220.5 347.0 
316.0 260.0 328.5 426.5 
171.5 229.0 323.0 290.0 
362.5 116.5 329.5 205.0 
111.5 103.0 135.0 141.0 
30.0 204.0 103.5 53.0 
131.5 383.5 92.0 217.0 
456.0 60.0 328.0 368.0 
208.5 454.5 192.5 287.5 
101.0 34.0 218.5 143.0 
239.0 180.5 286.5 152.5 
472.0 133.0 308.0 271.0 
86.5 349.5 126.5 361.0 
451.0 408.5 407.5 417.0 
196.5 481.5 257.0 427.5 
119.5 31.5 256.0 242.0 
74.5 300.5 69.0 350.0 
332.5 262.5 139.0 251.0 
478.0 286.5 316.0 287.5 
317.5 369.0 442.0 388.5 
297.0 433.0 342.5 231.0 
348.5 65.5 243.0 248.0 
268.0 338.0 168.0 381.5 
330.5 102.0 288.5 364.0 
105.5 225.5 71.5 437.0 
244.0 286.0 277.0 251.0 
391.5 95.0 344.5 227.0 
479.0 142.0 381.0 421.5 
386.5 74.5 375.0 33.0 
271.5 302.0 166.5 138.0 
31.5 306.0 97.0 133.0 
248.5 277.0 202.0 287.5 
460.0 55.5 424.5 57.0 
87.5 188.0 289.0 190.5 
23.0 161.0 82.5 348.0 
61.5 22.5 226.0 43.5 
23.0 115.5 54.0 200.0 
114.5 77.0 127.0 459.5 
177.5 62.0 232.0 217.0 
439.5 445.0 371.0 358.0 
268.0 144.0 322.5 87.0 
205.0 24.0 92.0 150.5 
306.0 472.5 199.5 465.5 
188.0 481.5 359.0 416.0 
103.5 342.5 175.5 157.0 
19.0 218.5 164.5 159.0 
366.0 184.0 196.5 313.0 
158.0 400.0 112.0 269.0 
25.5 289.0 216.0 391.5 
17.0 264.5 181.5 324.5 
460.5 104.0 321.0 371.5 
199.0 395.0 213.5 141.0 
115.0 125.5 111.5 241.0 
77.0 373.5 195.0 326.5 
411.0 423.0 382.0 425.5 
466.0 476.5 354.0 253.0 
30.5 230.5 160.0 377.0 
441.0 167.5 233.5 443.0 
184.5 131.0 229.5 140.0 
300.0 426.0 324.5 259.0 
345.0 386.5 344.0 375.5 
18.5 59.5 171.5 161.5 
176.5 282.0 245.0 183.0 
57.0 199.0 178.0 102.5 
206.0 332.5 364.5 393.5 
357.0 457.5 258.0 209.0 
122.5 63.0 156.0 214.0 
460.0 170.5 290.0 221.5 
323.5 316.0 286.0 418.5 
345.0 328.0 293.5 116.5 
294.0 329.0 187.0 384.5 
69.0 206.5 197.5 336.5 
292.0 391.5 431.0 116.0 
156.0 184.0 178.0 213.0 
47.5 374.5 141.5 104.5 
481.0 164.0 338.0 44.5 
354.5 395.0 329.5 322.5 
367.0 298.0 268.0 237.0 
350.5 151.0 335.5 219.0 
154.0 162.0 339.0 196.0 
104.0 215.0 122.0 83.0 
324.5 446.5 274.5 366.0 
89.5 49.0 163.0 288.0 
477.5 179.5 376.5 411.0 
413.0 254.0 336.0 297.5 
383.0 319.0 344.0 417.0 
348.5 167.0 347.0 231.0 
215.5 205.5 244.0 122.5 
366.5 444.5 111.5 287.0 
275.0 342.5 182.5 424.5 
264.5 188.5 255.0 207.5 
20.0 397.0 61.0 430.5 
124.0 118.5 309.0 122.5 
262.0 305.0 276.5 112.5 
189.5 161.5 248.0 74.5 
107.0 419.5 335.0 288.5 
280.0 186.5 252.0 143.0 
467.0 45.0 400.5 124.0 
58.0 253.5 136.5 155.0 
22.5 336.5 189.5 414.0 
277.5 306.5 287.5 290.5 
352.0 168.5 163.0 299.5 
470.0 161.5 295.5 154.0 
179.5 293.5 189.0 376.0 
270.5 50.5 251.0 421.5 
299.0 477.0 177.0 463.5 
124.5 428.0 204.5 320.5 
150.5 25.5 155.5 412.0 
466.0 244.5 349.0 296.0 
480.5 345.5 283.0 231.0 
420.5 328.0 185.0 227.5 
262.5 331.0 322.5 416.5 
152.5 281.0 156.0 285.0 
312.0 25.5 202.5 138.0 
303.5 38.5 344.5 122.5 
80.0 33.5 65.0 111.5 
79.0 74.0 190.5 271.0 
453.0 142.5 235.0 189.0 
469.0 160.0 404.0 118.0 
47.5 383.5 106.5 302.0 
482.0 158.5 230.0 316.5 
437.0 477.0 277.5 354.5 
88.0 159.5 117.5 92.0 
144.5 229.0 111.5 234.0 
36.0 250.0 142.5 174.5 
470.5 403.0 418.5 141.0 
159.0 357.0 217.5 87.0 
65.5 471.0 138.0 456.5 
473.0 185.0 230.0 462.5 
33.5 308.5 136.5 165.5 
260.0 415.0 218.0 335.5 
209.5 397.0 399.0 319.5 
233.0 307.0 201.5 136.0 
24.0 133.5 111.5 286.5 
131.5 60.5 130.0 72.5 
366.5 21.5 388.0 185.5 
259.5 282.5 433.0 196.0 
138.5 248.0 195.5 155.0 
106.5 191.5 102.0 173.5 
364.5 171.5 194.5 84.0 
201.0 376.0 175.5 181.0 
398.0 143.5 257.0 111.5 
397.0 293.5 297.5 306.0 
365.5 201.5 152.5 283.0 
475.5 185.5 398.0 461.5 
286.0 159.0 308.0 270.0 
118.5 303.5 235.0 376.0 
342.5 226.0 278.0 182.5 
403.0 73.0 398.0 326.5 
438.5 32.5 435.5 232.0 
80.5 121.5 103.0 121.0 
23.0 396.5 56.5 332.5 
379.0 330.0 245.0 210.0 
171.0 119.0 224.5 99.0 
18.5 399.0 161.5 340.5 
327.0 174.5 203.5 137.0 
123.0 114.0 169.5 312.5 
164.5 388.5 201.0 398.0 
381.5 98.5 368.0 73.5 
141.0 478.0 237.0 401.0 
314.5 385.5 136.0 323.5 
272.5 300.0 152.0 116.5 
441.5 28.5 394.0 131.0 
253.5 265.5 297.0 84.0 
77.5 382.5 218.0 427.5 
17.0 417.0 239.0 185.0 
362.5 51.5 404.0 211.0 
271.0 220.0 313.0 350.5 
85.5 68.0 201.5 65.0 
213.0 261.0 252.0 334.5 
116.0 480.5 151.0 309.5 
169.0 386.5 220.0 273.0 
315.0 150.0 357.5 157.5 
452.5 246.5 338.0 350.5 
382.0 27.5 302.5 38.0 
22.5 160.5 193.5 45.5 
204.5 214.0 349.0 382.5 
129.5 274.0 76.0 270.0 
74.0 170.0 310.0 120.5 
361.5 340.0 192.5 352.5 
462.0 100.0 223.5 329.5 
265.0 294.0 203.0 44.0 
374.0 186.5 323.5 155.0 
28.0 110.0 277.5 167.5 
386.5 201.0 451.0 138.0 
79.0 447.0 259.0 366.0 
34.0 86.0 134.0 73.5 
19.5 245.5 60.0 137.0 
331.0 16.0 322.5 113.0 
256.0 134.0 106.0 159.5 
254.0 126.0 84.0 115.5 
228.5 173.0 252.0 381.5 
389.0 421.0 190.0 415.0 
244.0 260.0 136.5 220.0 
463.5 91.0 441.5 87.0 
307.0 387.0 300.5 460.5 
346.5 184.0 278.5 99.0 
402.5 56.5 200.5 205.0 
143.0 397.0 196.5 379.5 
349.5 300.0 355.5 60.0 
281.5 201.5 282.0 331.5 
123.5 278.5 45.0 301.5 
337.0 252.5 311.5 160.0 
219.5 53.0 264.0 65.0 
217.0 256.0 76.0 391.5 
41.5 96.5 118.5 45.0 
131.5 267.5 299.0 419.0 
463.5 326.0 257.0 397.5 
147.5 248.0 55.5 334.5 
323.5 15.5 315.0 62.5 
158.0 146.5 154.0 115.5 
379.0 475.5 252.0 247.0 
59.0 243.5 301.5 346.5 
400.0 403.0 321.5 330.5 
47.0 455.0 131.5 279.0 
304.0 454.0 261.5 418.0 
397.5 96.0 214.0 155.5 
193.5 363.0 334.0 280.0 
206.5 407.0 297.0 120.5 
248.0 272.0 311.5 343.5 
390.0 95.5 279.5 122.5 
329.5 443.5 302.0 309.0 
306.5 218.5 322.5 90.0 
144.5 345.5 276.0 408.5 
146.5 65.5 160.0 53.0 
212.5 191.0 233.5 43.0 
55.5 154.5 100.0 173.5 
96.0 409.0 240.5 98.5 
472.0 300.5 217.5 360.0 
52.5 210.5 150.0 278.5 
366.5 312.0 189.0 257.0 
84.0 479.0 121.0 363.0 
325.0 76.5 305.5 161.0 
417.0 73.0 239.5 42.5 
290.5 143.0 99.0 228.0 
447.5 349.0 421.0 309.0 
84.5 169.5 295.5 172.0 
224.0 426.0 196.5 341.0 
150.0 446.0 282.0 280.0 
428.5 225.5 387.0 81.0 
322.5 305.5 253.0 435.0 
297.5 93.0 307.0 241.0 
234.0 420.0 280.0 188.5 
169.0 42.5 198.0 111.5 
121.0 296.0 339.5 174.5 
360.5 252.5 295.0 336.5 
215.5 95.5 311.0 278.0 
27.5 455.5 260.5 352.5 
431.5 216.5 305.5 36.5 
341.5 481.5 327.5 426.5 
318.0 347.5 305.5 176.5 
128.5 404.5 229.5 423.5 
74.5 398.0 178.0 207.0 
343.5 479.5 340.0 203.5 
332.0 242.5 276.0 359.0 
199.0 208.5 199.5 187.0 
240.0 478.5 214.5 451.0 
147.5 439.5 313.5 135.0 
475.0 451.5 418.5 322.5 
336.5 72.0 270.0 59.0 
471.0 354.5 299.5 339.5 
457.5 263.5 402.0 346.5 
469.5 393.5 161.0 353.0 
251.0 20.5 256.5 114.5 
94.0 351.0 58.5 95.0 
380.5 90.5 369.5 207.5 
70.0 314.5 89.0 453.0 
463.0 192.0 442.0 249.0 
25.0 368.0 101.5 248.0 
459.0 474.5 376.0 430.5 
463.5 283.5 277.0 105.5 
202.0 331.5 71.0 348.0 
414.0 59.5 437.0 155.5 
309.5 20.0 326.0 227.0 
427.0 290.5 152.0 182.5 
210.0 208.0 289.5 105.0 
296.5 150.0 396.5 262.0 
199.0 219.5 189.5 49.0 
67.0 351.0 103.5 94.0 
361.0 344.5 204.0 243.0 
58.5 435.0 209.5 171.5 
55.5 48.0 127.0 43.5 
103.0 198.5 323.0 202.5 
186.0 228.0 92.5 103.0 
42.0 97.5 213.0 226.0 
152.5 273.0 100.5 236.0 
66.0 410.5 233.5 462.5 
30.5 195.5 194.5 270.0 
64.0 248.5 146.0 205.0 
218.0 340.5 267.0 326.5 
356.5 436.5 369.0 350.5 
435.0 458.5 263.5 434.0 
260.0 341.5 275.0 423.0 
140.0 317.5 229.0 339.5 
336.5 44.5 309.0 202.0 
23.0 94.0 121.5 392.0 
199.5 81.5 367.0 90.0 
241.5 238.0 218.0 252.0 
74.5 42.5 92.5 68.5 
155.5 159.5 194.5 36.0 
282.0 133.0 327.0 200.5 
357.5 183.5 365.0 273.0 
51.0 174.0 96.5 309.5 
340.0 53.5 382.0 80.0 
60.5 52.0 64.0 76.5 
217.5 24.0 279.0 280.0 
280.5 423.5 386.5 375.5 
325.5 175.0 296.0 402.0 
185.5 384.5 325.5 345.5 
62.0 465.0 70.5 407.0 
387.5 61.5 254.0 238.0 
336.0 45.0 377.5 111.5 
338.5 218.5 284.0 286.0 
456.5 144.0 411.0 231.0 
252.5 376.0 156.5 257.0 
387.0 390.5 272.0 360.0 
23.0 266.0 93.5 92.0 
378.5 35.5 255.0 392.5 
45.5 456.0 183.0 347.0 
91.0 146.0 184.5 154.5 
136.0 200.0 72.5 104.5 
268.5 476.0 187.0 364.0 
225.0 219.5 252.0 185.5 
53.0 460.0 249.0 189.5 
110.5 289.5 133.5 44.5 
311.0 145.0 285.5 348.5 
132.0 377.5 299.0 215.0 
18.5 59.0 302.0 259.0 
287.5 422.5 158.0 431.5 
292.0 268.5 157.5 329.5 
241.0 424.0 180.0 351.0 
267.5 136.5 389.0 163.5 
129.0 245.5 279.5 97.0 
348.5 330.5 445.0 284.0 
223.5 108.5 292.5 356.0 
409.0 470.5 270.5 403.0 
345.0 182.0 225.5 93.0 
78.0 26.0 230.5 132.0 
144.0 299.0 225.5 106.5 
367.5 174.0 230.0 262.0 
475.5 328.5 355.5 437.0 
205.5 395.5 238.0 433.5 
60.0 191.5 127.0 186.5 
421.0 97.5 335.5 248.0 
477.5 278.5 259.0 203.5 
117.5 100.0 176.0 57.0 
22.5 267.0 118.5 156.5 
60.5 175.5 80.5 278.0 
378.5 362.5 372.5 172.5 
427.5 176.5 403.0 460.5 
413.5 410.5 448.5 304.0 
440.5 458.0 258.5 465.5 
395.0 357.0 328.0 311.0 
307.5 76.5 318.5 162.5 
20.0 297.5 117.5 334.5 
61.5 152.5 143.0 358.0 
391.5 201.0 458.0 177.5 
32.5 240.0 199.0 259.0 
466.5 98.0 368.5 354.5 
22.0 460.5 167.0 184.5 
301.5 481.0 200.5 397.0 
91.5 479.0 171.5 409.0 
159.5 358.0 216.0 457.5 
327.5 480.5 284.5 382.5 
125.5 28.0 287.5 173.5 
280.0 375.5 336.5 85.5 
56.5 461.0 159.5 397.5 
260.0 18.5 290.0 300.0 
129.5 213.5 163.5 91.0 
406.0 99.0 282.0 73.5 
57.5 344.0 61.5 126.5 
369.5 21.5 262.5 63.0 
329.5 19.5 245.0 162.5 
383.0 241.0 397.5 258.0 
257.0 219.0 281.5 193.5 
373.0 445.0 361.5 445.0 
378.0 416.5 158.5 271.0 
419.5 300.5 302.5 152.5 
22.5 305.0 156.0 372.0 
28.0 29.0 61.0 39.5 
98.0 64.5 184.0 203.0 
66.5 199.5 220.5 370.0 
440.0 211.5 320.0 216.0 
123.0 246.0 350.5 147.5 
32.5 54.0 221.0 57.5 
433.0 68.0 286.5 39.5 
72.5 410.0 47.5 276.0 
440.5 76.5 415.5 114.5 
302.0 251.0 252.0 112.5 
413.5 356.0 362.0 420.0 
139.0 124.5 129.5 340.5 
153.5 237.0 231.5 78.5 
299.5 294.5 341.0 141.0 
232.0 448.5 357.5 395.0 
476.5 264.0 320.5 250.0 
361.0 28.0 459.0 326.5 
64.5 173.0 309.0 228.0 
99.0 305.5 282.0 393.5 
416.0 49.0 367.5 94.0 
204.0 100.5 296.5 143.0 
288.0 149.5 147.5 251.0 
182.5 153.0 117.5 65.0 
359.0 88.5 345.5 104.5 
391.5 148.0 256.0 270.0 
253.0 123.0 179.5 180.5 
253.0 161.5 141.5 173.5 
398.0 18.0 381.0 123.5 
29.0 210.5 104.5 404.0 
376.5 449.0 349.5 399.0 
474.0 139.5 295.0 60.0 
435.0 40.5 456.0 331.5 
311.5 471.5 287.5 164.5 
394.5 439.0 308.5 413.0 
39.5 22.0 165.5 144.0 
276.0 311.0 391.5 306.0 
41.0 316.5 153.5 420.0 
96.0 91.5 262.0 195.0 
257.5 227.5 364.0 128.0 
297.0 479.0 152.0 386.5 
27.0 327.5 159.5 103.5 
100.5 83.5 248.0 452.0 
343.0 265.0 281.5 351.0 
343.0 429.0 416.0 453.5 
93.5 232.0 163.5 148.0 
43.5 120.5 228.0 253.0 
26.5 181.0 73.0 44.5 
69.0 175.5 399.0 166.5 
168.5 213.0 169.5 137.0 
112.5 421.5 285.5 310.0 
265.0 155.5 215.5 96.0 
37.0 112.5 88.5 218.0 
217.5 399.0 332.5 95.5 
457.0 140.0 447.0 211.0 
452.5 38.0 413.0 43.5 
176.0 50.0 161.0 93.5 
477.0 338.0 243.0 374.0 
419.0 212.5 275.5 205.5 
28.0 346.5 95.5 347.5 
226.5 160.0 119.0 371.0 
357.0 153.5 369.5 340.0 
183.5 476.0 293.0 441.5 
116.0 58.5 165.0 122.0 
193.0 329.0 360.5 465.5 
308.0 188.0 318.5 108.5 
459.0 369.0 349.0 419.5 
80.0 178.5 238.5 112.5 
479.0 345.0 394.5 443.0 
186.5 56.5 117.0 92.0 
216.5 71.5 283.0 92.5 
308.5 172.5 386.5 374.0 
137.0 51.0 316.0 284.0 
471.5 187.5 394.5 140.0 
237.0 230.0 360.0 130.0 
460.0 225.0 328.5 413.5 
447.0 387.0 430.0 312.0 
37.0 302.0 50.0 421.5 
181.5 422.5 102.5 256.0 
360.0 201.5 231.0 352.0 
342.5 360.5 258.0 259.0 
105.0 72.0 210.0 206.0 
268.5 23.0 225.0 184.0 
165.0 139.0 109.5 306.0 
383.5 328.5 331.5 237.0 
384.5 80.5 387.5 55.0 
369.0 360.5 286.0 416.0 
430.0 481.0 323.5 314.5 
113.0 395.5 288.5 377.0 
145.5 320.0 211.0 257.0 
161.5 183.0 178.0 105.5 
260.0 310.5 193.5 239.0 
279.0 67.0 268.0 233.0 
292.5 113.0 294.0 429.5 
54.5 239.0 250.0 422.0 
165.5 154.0 202.0 40.5 
89.5 198.0 76.5 65.0 
228.5 346.5 223.0 347.0 
143.5 220.5 106.5 145.5 
308.0 475.0 314.5 345.0 
473.0 404.5 284.0 421.5 
68.5 244.0 191.0 178.5 
185.0 256.5 121.0 175.0 
472.5 156.5 389.0 210.0 
470.5 384.0 281.0 454.5 
204.5 250.5 275.5 175.5 
385.5 82.5 399.5 393.5 
388.5 134.5 382.5 208.0 
221.0 117.5 376.5 98.5 
201.0 195.5 180.0 81.0 
210.5 194.5 215.0 457.5 
292.5 350.5 338.0 376.0 
149.0 107.5 232.0 102.5 
41.0 471.5 49.0 168.5 
161.5 420.5 253.0 317.0 
257.5 141.0 238.5 40.5 
202.5 121.0 194.0 87.5 
76.5 144.5 132.0 174.5 
408.5 130.5 298.0 265.0 
419.5 333.0 422.0 195.0 
443.5 269.5 330.5 160.5 
237.0 238.0 232.0 264.0 
303.0 299.5 296.5 180.5 
308.0 182.5 428.0 266.0 
324.5 477.5 257.0 411.0 
26.0 26.5 226.0 310.5 
241.0 368.0 217.0 266.0 
421.0 150.5 421.0 209.0 
50.0 195.0 177.0 91.0 
26.0 418.5 105.5 332.5 
466.5 301.5 141.0 193.5 
423.0 118.0 389.5 56.0 
156.0 180.5 306.5 317.5 
211.5 321.0 361.0 132.0 
456.5 302.0 381.0 265.5 
191.5 427.0 306.0 287.0 
462.5 436.0 300.0 441.0 
457.5 137.5 280.0 46.0 
101.5 136.0 194.0 293.0 
419.0 137.0 374.0 141.5 
164.0 127.5 152.0 188.5 
475.0 156.0 438.0 227.0 
156.5 255.0 185.0 116.5 
153.0 89.0 309.5 119.5 
270.0 228.0 349.0 384.0 
130.5 17.0 256.0 143.5 
425.5 480.0 274.5 132.5 
357.5 477.0 199.0 413.0 
388.5 261.0 293.5 343.5 
225.0 223.5 213.5 159.5 
26.0 349.5 47.5 245.0 
472.5 298.0 341.5 233.0 
276.5 26.0 261.5 132.0 
180.5 278.0 264.5 162.5 
430.0 320.5 295.0 384.5 
129.5 309.5 245.0 68.5 
458.0 240.5 413.0 196.0 
326.0 219.5 270.5 170.5 
379.0 157.5 330.5 173.5 
66.5 126.0 209.0 95.0 
245.0 297.0 89.0 339.5 
295.5 225.0 367.5 354.0 
472.5 235.5 423.5 35.5 
112.0 136.5 252.0 321.5 
187.5 163.5 257.5 126.5 
280.5 266.0 183.0 380.5 
176.0 438.0 163.0 373.5 
160.0 128.0 232.0 116.0 
194.5 181.0 349.0 111.5 
202.0 378.0 247.0 303.0 
472.0 318.5 295.5 433.5 
476.5 247.5 375.5 287.5 
62.0 437.0 243.5 399.0 
438.5 411.5 298.5 431.5 
76.5 271.5 111.5 463.5 
85.5 24.0 110.0 112.5 
474.0 79.5 260.0 198.5 
233.0 134.0 351.5 96.0 
292.0 22.0 189.5 144.0 
94.5 329.0 82.0 239.0 
290.5 331.5 99.5 275.0 
284.0 250.5 274.0 196.5 
67.0 84.0 76.5 91.0 
168.5 307.0 116.0 320.5 
419.5 459.0 347.0 387.5 
377.0 284.0 277.0 270.0 
435.0 153.5 410.0 382.0 
136.5 18.5 88.0 82.0 
173.5 397.5 207.0 233.0 
52.0 475.5 236.5 419.5 
188.0 242.5 237.0 189.0 
295.5 132.5 256.0 100.0 
333.0 298.0 124.5 200.0 
468.0 69.0 352.5 88.0 
316.0 431.5 401.0 246.0 
