-25947.780239 -52802.694725
5648.95518224 -53852.7506139
962.179634146 -4694.07268187
-1242.2876591 -41260.4759975
-34510.6657056 45967.5251855
-49551.6179096 42611.7691293
50116.8668156 -28430.8537196
13583.6939875 53192.3845137
25837.3907726 -9325.01520004
50838.9596274 -26666.0248449
51329.6668203 -43330.9769806
59766.2883561 56746.2647864
-14190.1753566 -43673.52301
53123.8324874 22939.6651655
-49295.8071829 24165.1850577
43570.0076982 22975.1697892
-8111.32626801 -40728.8627803
50379.4721225 -38940.903443
-45926.2764743 51735.3610536
43365.8980871 -23530.8380458
4360.90614339 -45162.3383343
-45940.8346317 15228.795992
-22953.1688608 -49892.2949503
-44279.0817987 -55324.6778197
-7774.4030116 -49536.7012675
19610.0316813 22987.0312081
-30902.6074465 5565.10346109
-10368.6233272 -23755.0254832
16720.2537256 18385.8971386
-21240.1231934 -22989.1112398
-57997.5602013 27176.3719472
31705.7483261 -2765.32519885
34988.9155381 -19799.1960398
639.196818178 -17836.7553477
-28741.9081494 -16775.2518717
-3123.85869303 -31142.8527809
-33841.2727823 -34234.4937729
26553.3818126 57475.7515435
-40207.9518762 14410.549744
57042.9665828 9609.35557151
7157.66983979 -59250.8665657
-50027.8993527 -29364.3503418
-40844.1619965 -55107.5387099
-38436.2970646 -4710.99451238
51304.1547318 -48243.6977752
-9993.09526615 5729.26053286
9179.40839428 -13919.377601
-55644.5536042 3974.66634244
-12698.9581722 29127.594932
18567.5221814 7758.21713653
-47500.0458989 -47724.8111285
-40367.3570377 -39371.377188
-58026.5000084 -46430.9974423
-11691.8637339 38387.6751839
-38550.4959651 -42220.7302285
13001.9213881 14495.5241034
-53046.5219023 -26064.4126997
53819.8605522 -14356.6500003
-30417.4723425 13879.1570936
17969.285806 25143.1688673
13470.4786292 -45234.1267077
44784.5133647 -14254.2756645
-11135.0773223 -11905.5021687
-36846.120824 11029.3608547
-3328.98958333 -44785.9389543
45551.8505652 8776.90871742
-43747.4341638 49573.0184327
-52100.1688633 48215.2133551
-52113.317107 3335.26180399
-55857.8462979 -52520.9951587
1949.48778291 232.551378109
26941.8021943 19048.9888512
26770.7726499 -10330.0000014
7489.39565538 -37327.2240436
22365.6535397 -55364.1842007
-31519.0009087 57040.793208
26764.1757591 19888.5596491
47109.3268332 46353.6062455
-39418.4386421 43964.459625
24957.5792829 -7488.68763034
-7362.80797305 38103.0487907
-46979.5074316 48790.2720842
-32246.2979904 18803.5004128
-10048.5502972 -3974.41953475
9453.68117965 19229.7051217
31231.0954557 -53124.8563485
7403.50766733 44539.9813372
-13773.4238724 -14726.2338262
-58890.2358463 54525.9808256
-23615.5173121 -42926.6545795
-4541.57731266 -1831.92700768
-28901.016915 19162.2474771
-52084.3662007 10918.470031
-32565.5098692 -38217.1044756
58285.2613673 -47479.5021545
5480.63213987 -45999.2900178
-7913.37000095 252.889345627
-43488.6382988 36048.6484504
7508.86678083 -47044.6218691
24410.9541062 49176.4999246
3361.64763486 15884.0928772
48345.9551407 -48802.6582314
-31364.3409051 11014.6835296
45217.3175408 -25501.4554067
1055.21358256 3103.31074345
-21543.9547095 -33918.8264797
6372.80599343 10083.738997
10864.7572868 10852.9608621
-28621.833813 -48728.6263702
-43643.3830681 -57860.1600044
-38521.5728231 2305.15141249
-3984.46765417 49751.3780105
4587.86995275 -6583.39319893
-10689.8357271 30273.6259344
-36042.236339 -32113.8523887
-37529.2613605 -30340.9151435
-36126.0911543 -20550.6449057
-4122.30062693 -47245.8652772
-3058.47966908 33234.7767687
41171.5525524 54681.8800981
-31628.2219879 -53866.6909726
3661.08867405 25163.4569758
49912.7726542 -25493.9871594
57966.720323 -7014.07157029
-58769.620601 14678.5432767
-18095.5647908 39635.3563202
-5982.86279197 -19688.8418614
-26164.4339515 -20455.5151409
-29085.0604111 48212.5135113
57313.4652027 30652.8559258
17898.9032411 -26772.6515939
11645.7812887 37489.2186513
12048.1000603 -59526.5522117
16808.9642019 32614.9433913
52817.1201688 20394.5272633
-47372.5252075 39955.5986895
14432.775607 40005.9002091
8704.59488318 -10573.5041687
52846.1775433 47406.6700984
13143.925208 -48281.0227818
28626.00485 -53522.5542297
20037.0439697 -28657.4698618
-48047.4790514 -31340.5282108
55033.2206584 -36774.3762564
-42911.0325834 42500.8507675
-50398.9048754 -18401.4159447
-4571.05255205 33310.646076
-51.9971884242 19134.9744338
-46345.8073096 -51423.1101222
6877.04534577 9263.5461658
900.775915593 16076.1587638
41034.6626147 30897.9540568
-36107.2313406 689.022834845
44764.8495973 51365.6302239
30591.8183163 24318.3308731
-49877.5115643 43264.9635295
38991.0979331 -7314.76862176
18453.9083789 38656.1322071
3115.40342403 45446.4737268
-34419.9448304 14610.2759082
-40567.4614656 14942.8597013
8995.7784757 15038.6451853
-40561.9823802 -2957.14888892
82.9787735917 -32213.6943689
-24292.4211573 3070.18620999
10736.3913793 44918.9554511
422.55014951 13073.4168119
21204.7024279 58712.1310278
-30821.6116729 -47183.9463359
-40945.7115317 -33189.0821249
22502.3007359 -58296.0564316
-47240.7662567 26751.6274959
-45016.9938876 837.551511744
31987.7447761 30723.7272505
18744.8740676 18936.2544604
33529.4723141 -9596.37487516
-32804.8678829 -56323.2349933
-17930.413242 8348.52328452
-58613.4646102 2001.46995604
-21989.3390118 -59808.0932844
-3065.63918976 -49202.795931
-20692.4965262 -22846.6773785
-45805.3364499 42605.5454757
26554.8065775 29507.3322055
-59940.1233212 4462.64605988
45169.1283044 25903.6602893
7822.19072089 -7043.0358355
57050.6889759 -6311.1002242
-59297.8841033 3131.78603299
-31608.1736908 -35629.9804961
-4994.32568524 37502.3928227
-8205.44862887 48647.847053
-4331.39834856 57267.4565077
11515.5721381 -31177.9553933
-3693.29177041 45756.8363158
-54945.215497 3281.61411826
50240.6216334 20296.7794685
26023.2148632 -19217.287483
36258.3802629 -18627.3494847
14673.5180484 -36204.3630232
33200.9295171 54831.1932692
34467.3488105 -18159.3001754
29806.4983567 2552.67536517
4416.49474703 23536.2959614
11893.3756946 42360.710686
18365.5351737 -4176.73330187
57689.9481166 37418.2679259
37625.6376284 30678.6651941
57888.3318079 -38505.637984
48192.0393358 -45959.8879916
58561.5245397 34513.2452129
-40295.2762483 -39352.1963339
-35167.3602621 -53510.7714505
34338.8705044 -41771.9276962
-4150.14709903 8557.80815994
-11324.9452625 23911.7950404
30621.6150079 -43994.4922838
1637.1034841 13079.9491933
41039.8101613 -59171.1517824
-48329.4371698 22616.3852991
3555.32805286 55187.4053472
-44674.2401953 -6435.92936726
-20759.4798378 12470.7129579
11201.0363718 25895.4057777
-14220.2511248 28967.7601144
-22484.7108954 33003.5758606
-34245.6626053 -58328.9618914
-11734.0943904 59770.9846492
50186.3239118 4616.85298865
23401.5883274 -55603.3141375
28807.7937084 49933.085757
-15361.5206312 30154.7415007
-23631.2653136 -26760.3933885
-38539.9766161 -26956.9884792
26783.8047638 -35662.4685862
-29380.0312114 -58103.4036483
14066.4754485 34625.3006557
-43360.3797905 33062.3072118
19796.8644206 -11798.8468092
36444.5757722 40140.8325859
39355.2020191 23759.2906218
46672.4101108 -5102.74462988
-22956.5786268 3254.75462964
20366.4247923 57031.5661374
41835.8516829 -18752.4837468
-27274.3392607 15647.6237005
-37731.3500189 -46179.2510081
42991.096481 -53272.5912845
-41579.3673017 -41124.9719851
-11272.3123849 8629.38128949
15624.9331829 4033.35746791
-37527.4719494 -40912.6282612
48024.7118939 -6988.22749024
-51041.0040536 6856.83489256
53235.9203908 4195.89433347
-14313.1525512 -25419.4942943
-48257.9535173 22706.8381143
50650.2610727 -40301.5690691
-33030.1716843 41137.3228117
24909.15205 -25586.4894347
31022.7015123 -5376.27274281
-35465.1854223 22224.2106339
55619.1544211 38309.9916845
-4937.87541345 -40324.3179819
-56556.7294079 1212.98145215
-40076.2151545 55681.656426
-871.975358602 52259.5094904
-9565.70206985 17881.143594
-10193.1182519 -5296.84522291
50201.1165241 -6863.21042266
6467.32354133 25238.3963564
17797.3832048 -37751.0649795
22020.2251822 14890.9757878
-52331.1105633 42422.9667571
15385.3315583 54736.8632005
52000.2542085 5181.06163428
57642.3251519 -9263.01890185
-45902.7320677 -44297.5099439
50457.0390624 19645.2698866
-169.603807172 -7337.30308839
-52317.8053485 -49573.0856328
-52285.7538327 48559.4477043
-45272.5824814 -26901.0225696
45969.3058027 55428.5239025
-59179.0746299 38558.0649138
-26582.3571186 7566.1650554
-43138.012284 13488.7168651
3909.75905517 36077.8528576
-49977.4174232 7057.81049756
-44703.1324111 49438.7493009
-52855.8723506 1140.36271718
-893.116327034 15635.1733395
-14805.8668372 -17654.5384451
53385.1206807 4981.10995209
50795.8583111 -35838.6751246
44897.7673501 39034.9368639
26381.9041335 -14783.2419179
39183.9747985 40038.0445271
10156.4766425 -350.396275886
-18360.778925 12608.1411005
-15407.5681938 -59662.3819777
-32279.4467879 1974.06247088
-22547.5412207 -1158.5993432
-31226.3561088 34153.3215354
50200.0285987 -10231.1475619
-52974.6509118 17343.4635084
-771.259737863 -41570.7027408
2784.65035193 -48695.9147973
42945.0187466 -22740.9173726
13383.0427627 -47588.8981657
16580.538192 13176.3475017
-36959.9113696 9627.54128098
44510.0093611 -5303.99337522
-20730.1026252 47433.3100857
22865.3355266 41841.8707644
52212.9809301 50945.998275
37946.3546333 -25394.6623511
54745.5494169 32439.119544
23016.1071029 -57867.6353756
37297.9937542 5254.62994452
59601.8251762 18660.1725296
12395.291836 24199.0030712
6193.07591083 23902.9452862
-29770.8811056 8563.31563953
16693.0387651 -10488.8409405
4788.70312239 30680.4283673
-50966.3917491 -7009.07996288
19122.2313972 37911.0075497
-43100.7897624 5655.82094081
-47973.2115561 9768.99633034
21203.2274401 -8379.1038916
41279.0543386 -50924.7427009
-39799.3488379 -19875.0609828
19247.2016787 -59859.4020535
-15426.7128767 15600.0157571
-28669.1116851 -55380.8931162
11010.3464503 48486.5482875
48877.1800424 -27917.2243896
35263.7104338 12126.5684349
-6711.44188504 4533.27311507
-57802.2786248 59842.4185993
38347.6878032 -58422.3845404
-53959.6125224 11272.1071025
-31220.2451498 50676.5735136
11871.7501566 -42983.5809335
-13107.7741398 -10598.9451889
26468.0155329 40025.6754604
-44422.7748395 50549.7594638
-32373.9969688 -2928.63810528
51227.5886994 28124.7754377
42788.6360841 9964.70229619
20400.2905007 -34072.4659405
-35377.6862901 -59936.6130412
27753.3902453 -6910.63918195
15627.3919114 -36367.7537757
21323.8846936 26946.3793147
-19655.1584134 42445.9454747
-53333.1783824 -25978.2495808
-9418.20084881 48489.55142
10602.1925303 -56756.3215897
1920.96940761 -36915.6910316
37589.0822454 -54128.600894
6369.3170802 -37308.6974704
27943.2519012 18337.5224544
-53094.0129809 -36013.716163
20737.3334418 -49997.0028295
49500.0565887 31791.0429502
-41499.6160164 8284.10046549
-37756.9344277 35038.4616998
-516.243337883 42873.272255
-8580.41832135 -42662.1191649
11517.1297392 -30735.5010069
34809.5435881 -21553.8677363
-12165.0432092 41398.5619505
-49386.9186275 38299.2441247
1056.29042156 58992.1846454
11909.4898116 -12091.7900861
7141.60654946 55012.2645976
-33272.3783572 47887.3367864
-12736.3156145 32332.2243054
-37164.2034848 -40547.3324589
-6548.25543636 -34739.4011437
-40814.3133958 -9937.10789502
14217.6155425 39500.2833704
-48799.6341776 -53368.2044788
38498.6725338 -24503.3963188
13530.9480959 47750.2361573
-39823.0879073 -59063.3511324
59615.1567358 -3878.90300006
57059.3742278 14610.7969287
-14805.6638312 -7910.31345949
52144.4268835 11285.0693708
16653.4456059 -16401.3803906
58646.0020882 52798.374991
-36281.5593429 3904.54133768
-48246.2344083 1120.72992979
-45885.0095419 -2554.51909864
11410.6455344 16987.1456704
-45609.6998561 35699.3594051
-58941.1424376 -25619.5811719
37231.7014064 -56501.6633995
28510.8261922 17947.9417359
-42602.8743506 21972.3453632
-25824.1458206 -6712.66008996
-36852.3878151 36620.0999237
-54289.3408026 -15112.8429896
10975.7742359 49648.7481017
-1870.34919921 27871.7227804
1234.20804128 -51074.6996416
-57102.7815974 -46235.434464
56406.9636164 -16946.0388287
51698.1076421 -53549.5554348
18954.9926375 54492.3205844
39268.3651144 -35959.1945997
54891.8633835 53310.487767
45927.5897462 53414.397883
-45227.7847578 25500.4338021
29067.8101426 36972.8196717
6337.54269411 55055.0259125
-26742.6734841 -38122.651091
-10587.4415606 31543.087593
-21441.7905052 8878.72258833
-50061.277092 -52136.8968746
-42839.1674901 41948.8215884
-41241.2067416 1051.77666878
26927.2905629 -45377.5254643
-43327.3439179 -3560.46037776
39804.8104592 -56412.2031092
1827.52818943 -13084.4040324
-59556.8863672 -1864.3364269
-42006.2769203 3520.75132958
57856.4277921 35078.8769462
-57723.7754119 22521.6006767
-54275.4217141 -21071.9408275
34702.6591366 59527.7277556
5018.78227798 -58989.0533282
-15660.6998001 -48948.6257678
10500.7657685 27055.4278622
35679.5466005 -16483.9748097
-16065.7600521 31734.6868646
30914.3879349 11132.7367853
19705.9305507 7911.30077601
-45144.1334142 7981.35611893
-32187.2980276 6870.08410374
8393.7697945 -5795.26360518
-25580.556846 10480.8559117
53690.3071422 -38549.2105269
-33762.8393296 -26710.1827209
1976.7549606 -42965.9233
47361.1764063 32611.7803495
47171.8101984 30073.1073567
-53987.5944434 9827.33464163
-18194.9343336 43225.2410339
5681.94304403 39827.1377848
-924.177975808 -46069.7381267
-46001.329015 18410.2834436
-51904.0335848 19918.8117771
13673.7092197 7666.7236694
1433.14950534 52298.5861607
-19361.545375 -31424.3054827
-15358.8029182 -55404.4521998
-20349.0246083 45021.0970058
-25735.1912609 20504.0589649
42736.9841903 -29937.897015
-28199.842178 54040.2602206
-58327.9985476 -4047.05458447
-47089.1536516 20340.7876373
27032.2295187 56046.6286241
47008.2657862 35200.479679
-55796.8598084 -35171.312993
47301.3064401 8144.66522889
1413.93932813 -55629.4095663
-9942.52257909 58796.6950375
-5345.46495963 47691.2625933
26747.1703815 20293.2888088
31950.323786 53868.8450446
38005.5038814 -27095.467743
22274.5694891 -26725.4874623
9343.13952786 -49630.303569
-55321.8820157 -58467.6249214
-46431.0063698 26523.0237649
-11861.484608 2588.43670093
-46380.3341819 -41792.1216218
27880.6576456 27097.8804132
17021.3313714 10942.3406705
2553.90347636 33335.6983748
-50795.0245481 -17966.1997979
4826.11601563 27046.4721332
42308.2064046 7910.56014701
-11776.9481944 40366.170709
42790.2736083 -15759.3676209
48085.3372135 -52152.1689241
26779.5416976 -37013.542827
49107.9557112 -40831.4356716
45422.8391 28493.9775972
33467.5286991 44829.7604097
23377.7277737 -21553.7994576
-3992.00677204 12414.3662432
-2677.6008756 47164.8740545
-1732.46940193 -39537.8495626
-17948.0469237 52149.7406952
-4928.76958627 -56696.1445254
12195.5147385 31536.6280923
39349.0517717 -24420.0806371
13810.7787087 29248.9799229
10532.6023537 -57164.8277477
-9110.60934919 6534.55553648
48863.3391322 -46264.1383444
-20704.6071348 -3719.60148
16576.581407 2348.73038187
-17048.3157527 13358.5974039
4203.65278739 -24778.7756504
11994.5460805 33534.3888994
-34401.4037254 -59350.5151944
-9760.15796052 5928.72466448
-31581.1395597 14070.3931448
-36403.6535141 -24102.9277461
-50140.6866061 -23351.5400511
29621.5191512 -42325.489959
-43473.5295856 24384.1232283
53241.6273478 -15317.2665048
31195.3653296 52694.2217577
-14119.4702168 49862.7392472
-22582.8632305 21703.251866
17747.9799495 -16038.1511864
-38607.0470844 -31815.8425602
-50228.9454222 -33773.8044083
-1495.31273726 -42552.0538117
-8300.84410398 29507.9070426
28683.6049029 -3156.36203892
26084.059886 -39231.53867
6740.03337815 54438.6988024
-22668.4980231 -50486.9146286
11257.0860065 -23399.8673237
-170.170180704 -18989.0004961
47326.1526804 -56385.0005981
37350.0687553 -7985.57465615
-15466.6376884 -49406.1136165
-2365.43867866 3260.65786174
-59452.0851331 -53943.4795899
54348.8160551 -42950.011733
28040.9829403 56480.4950544
-36202.4698908 -35504.3566985
-20264.468579 -45122.7652344
-9667.1737656 -47139.9665051
-59104.6022462 14941.2400623
29724.6718971 -17389.992645
13653.8769724 18360.8637746
-54055.3619259 -34946.6786115
-5579.05573568 5314.45141171
42737.298131 -54030.418729
-16527.0857944 -44546.8322357
24358.0154779 52549.8918427
-48819.7638911 40426.6956036
-33462.6368682 -33716.8610984
-21921.3128787 -22972.03531
17187.9192606 57732.7124846
-17908.7235156 24166.4778902
-36891.5705697 46384.1317062
6740.58957514 36432.886128
52877.4812469 -28934.2605773
35814.0001813 -55156.5242851
-11381.1844679 34054.2105017
45652.9711323 47655.2048427
24241.1018057 -49783.2051686
-49113.8965096 -23476.1421506
-54783.2008817 -19762.9920771
-5037.12187581 48796.6200764
-42739.1408355 1475.97658665
31205.016598 -42994.8868927
-11220.7940346 -30260.4936537
35213.9807018 -44411.1304033
-7923.69157146 -15974.9900743
18614.5696155 17064.9728208
-50157.9428609 29974.0226151
-58906.7364094 37680.350757
-31370.0917094 30881.6113404
-50447.2311421 -56413.3971907
-32345.3274372 44958.3102615
-9286.35937366 28743.447547
58971.4973427 3748.01264383
1466.93652475 -23006.1271319
-32901.0980423 25267.7085939
-52673.790787 53264.0167434
-7730.87480962 5655.71082641
-10842.5073327 -6515.83724641
19028.1953337 31672.6967195
45714.3402149 43409.9081236
58041.7415516 1304.41655089
35124.9267989 -26189.3217325
35022.3316141 -10977.9182479
36578.5243998 -9411.82656368
50736.4045914 -54984.1548116
48038.4048498 -19996.2593647
35762.1776097 -41923.1965871
-35001.6020029 -24043.4971709
7118.0984164 55805.8262903
3867.36742098 42048.6092203
1254.71319663 -7298.13267724
-37804.9541223 22352.6967799
24031.3501259 -6043.77253538
-10702.5669638 -46853.0462651
-55151.8971938 4598.49012017
-27893.2316686 -12568.9535945
34020.150103 46762.0778629
-40437.3608075 10648.3162464
-3966.42506622 22995.1872497
7365.53440791 -29048.5175649
29245.0849091 -51013.7585412
-31030.1211195 -1069.94034043
-40279.9947987 -35267.4108278
59257.4449836 59798.4819596
1467.75631019 -1164.07867071
-51966.0159097 25787.9042911
10731.1030389 30594.5972387
31502.0322015 -9296.61341688
-18287.1651668 8950.2535364
38454.3298894 16270.0081847
-57223.6478224 -26817.6714519
39385.2181586 -1240.21285343
19024.9364493 54692.5709429
38029.0341891 -28606.8676939
33993.5053447 -49889.0712978
42734.7181716 -43328.6112512
18139.5694998 30231.6103523
-4880.54932855 -11676.2224268
-27657.4076344 51763.232024
41877.1361438 4216.53534022
51818.7455808 32117.3615457
18507.5450511 -46804.8606137
35379.1772584 -59846.8755155
21804.559094 50453.9744089
-17979.8218179 4561.14734774
1355.61388819 17479.6399729
52314.0260282 -50723.0211291
-5430.85031742 -46771.9667886
-35852.6734191 -29524.8700632
-38456.6452343 57754.8025419
50690.2596307 -34027.4987888
-16445.2693374 -1732.27161387
2420.80280505 21324.3335436
21689.1633155 24190.1949505
58662.497135 11709.095733
55929.4106902 -57914.0849282
-58929.7560949 -5826.39495325
24821.523876 32169.7740027
-28799.2892595 20753.564538
30457.9277932 -3745.07718832
23765.6855426 -5512.19268487
-8111.58430409 12216.0476417
-49592.0619438 -19949.5069627
-34719.2746853 -26565.7583333
7938.84136719 -10639.837324
-42014.2190224 38185.7427885
-39125.5362671 21332.9758154
38488.5269548 33328.763983
58787.6595247 -3160.74779444
-19153.8154614 52027.4408759
48885.3957072 -55774.6540908
33191.70018 38507.6403434
52210.7313348 34549.426533
49004.1058384 43214.1649611
2829.0528723 22295.3604813
11128.4394563 45455.3226831
-1237.28146805 2381.17208796
11542.0426978 -35536.7041089
48437.316854 -56682.8218714
-44983.0518585 -36519.8788117
-6869.18023438 -2282.8432728
-35104.768226 -48819.5467009
-37002.8379481 54795.5849999
-20522.8660799 47771.8239225
49069.915723 -31379.2041111
4628.5090876 -35086.0662508
13585.0593446 8002.85524699
-56980.212224 34799.9590925
37295.783068 6720.60492661
-13995.2789257 -21757.3852097
18378.8015197 -32949.2253305
-46717.8819772 49744.4534868
19540.0114421 33290.7926006
-33785.993348 -48511.2395457
-1842.735287 -5728.38250822
-20436.4273538 12266.3025978
38990.5660571 -38936.5456804
2366.64637656 -31830.5909959
-44388.1356088 -38406.1987514
-38921.8112102 -48507.4464022
-54312.0853161 -19114.6776192
-18677.2843543 16390.8772459
-4238.33915697 -42119.8462695
-55903.9837832 46414.8344731
-52673.7749988 11790.0025257
42379.7433852 45824.0343504
-58476.8876137 7443.42785916
-28656.7929806 -57148.3636247
-40021.425326 42690.0189548
-53252.4442361 -9810.00957241
-2883.53021606 -1000.93021529
47327.4937847 54371.9832325
-16148.2819526 28101.2908779
18969.9253368 38381.8024466
-42394.3180641 -2000.05650855
-19809.7401333 9207.66816007
11550.8720279 -18482.1083278
-54764.7688548 -32197.4785087
9139.26941917 28781.2926922
34695.6120485 -43828.247799
-58310.8027045 -21683.7431142
5886.97564041 -12017.7707034
-17239.8571761 58328.3313016
42182.7947537 7695.17322496
38990.6036664 -7390.28524296
6760.85930489 -1823.3524313
-33859.3324534 37561.3221343
-17385.91327 45957.0727964
-58732.6323343 -49698.9515984
-18325.9842642 1405.96083263
49276.6099062 -4852.71788291
-49083.3739257 27560.6061348
29248.732237 56710.412152
-42055.9637301 -27552.2443708
-59578.5905954 9874.30861119
27496.8045951 -18093.5891796
-59125.4504477 -22125.8451246
-27855.1337162 -23938.8192338
-14541.7066743 14481.3973067
40198.5787317 18905.2156086
3263.03042419 30143.1335112
3707.62493969 -31828.5686036
-7071.60506138 -25806.203145
47659.7593273 -10170.2909204
-5224.17665306 -43535.0730855
6835.55678456 -27345.2020068
1876.42939746 -19098.3269647
-34887.1827235 -19366.2186027
-35347.4359017 -22023.237499
31027.9024123 34460.6084646
-14811.5205819 24751.9851782
-19442.703112 1024.60034022
-58453.1100581 4922.57656924
-59093.2104598 34277.5235461
12828.4575838 24292.0760073
12040.4154828 -58468.0033092
15814.1129777 58789.9854681
20242.3348903 27223.1531749
18311.0798641 -33147.9337414
2189.40754771 30875.4788687
-33963.45184 55084.8478781
-5206.66009273 12710.2169668
27706.8091004 3478.4596773
-40942.5345131 36870.3096154
-25969.6263329 -48422.2379606
4780.50483249 43153.8771679
-25035.3174386 22398.0915017
33066.0774626 -25723.3674831
-17682.0732491 17602.3166151
11060.7717815 14461.1162747
12658.8232191 56008.6228344
31299.3249437 33523.8966619
-4864.57826172 -16833.3133255
-31045.9820745 -32210.7688294
-55352.4704115 -30002.9010214
-750.227782283 247.830594189
-23469.9931337 -14321.9786351
-26602.2598591 23001.4903137
-39693.0078848 53211.8538156
11417.3138216 -19604.0045637
-30853.3933611 -42316.1676232
6850.55934953 50569.769844
-31184.8852178 -57755.6809858
53208.183976 -50746.6974502
53294.2074202 407.677006507
-22542.0413119 27518.6579265
37349.5131609 -51962.9113718
-44480.4765686 44731.9644894
-12946.9361912 -4071.41986987
-46008.8244953 -7388.13933214
13918.0159248 -26626.8086413
24583.3248812 -11860.1015163
-49427.3022569 14720.0414316
18911.727759 -582.268598152
6270.55351919 35438.4601155
-53632.4382593 26308.6952776
-14135.6995553 32743.1538436
-34712.4654274 -37939.8168858
-42452.2741627 44011.5798935
2477.82596332 -26309.008101
56252.6100699 39295.2483127
14765.4009208 -33178.0191637
-57323.4820704 5571.18522424
-25114.4637035 -42057.2208252
-54213.3420551 -21236.2803899
-12860.6130236 445.513845653
2430.80993067 19481.8203942
-21290.4647534 -28960.930075
7516.41413988 -55857.455965
-48983.0287177 16950.2102853
48236.2126954 25824.7213799
33361.134954 13291.454696
44363.9388543 -47347.4367147
46807.97912 -7694.7028432
35696.2254753 -37986.1877688
7162.76081511 42460.1718372
50721.9326512 -44627.1826773
11490.8237417 798.568174194
-47510.4730561 43256.1327526
39891.5440553 45744.9853172
-40239.8385195 -4564.57156294
-55783.705161 31849.1235367
48359.6429749 42879.4224403
-1044.17214366 -16940.1129925
-56698.005802 -225.417715564
17022.1973035 39666.1949802
19290.5743416 -48001.4119391
13011.2153888 56886.8821139
36379.8238326 -25082.7852512
-51165.2334819 43808.6491362
-27842.0553737 -39581.0558897
-26543.3417121 8441.27524718
6706.4265381 16852.4483227
-36774.9078687 -866.618107856
-32813.5572807 25164.423021
10064.1926559 -17964.984332
20090.3167576 -23196.5805337
-43403.4904035 -9441.83598621
-52811.7436558 15231.7768071
26422.1956119 -12422.2458147
1206.84096474 34673.1906409
-3962.28825242 56095.4471447
-59968.6735227 6327.76754988
1417.07347826 12346.4648344
-14146.9912597 19015.1181103
-31057.8316665 -12260.099043
25430.6227217 43873.2597327
-20689.4162162 -7032.44730079
44778.7100648 50320.9292661
2226.52976622 59878.0774227
-54485.767723 35472.4340973
-45.4480763365 22302.8729748
29114.882118 29748.0735622
45114.3086333 -33871.6141361
-11938.4090756 -26285.228368
-2002.14624474 3635.25570831
-14958.6533301 -20526.188686
44865.5014457 20538.6744185
-43438.562956 37411.8569016
-45581.1672808 28020.6230037
-11640.8226207 31023.0894689
-57514.3868191 -20729.8397594
-7071.91876844 -36575.1589298
37333.4720099 20070.5405229
-46606.7327542 9583.69263601
17270.4107507 20639.570324
59989.1945763 4229.89376911
-28001.4777094 -9818.71497956
-12360.1005519 -39223.9036974
5336.19821249 -57818.8508336
-25757.6518982 56366.1389887
-30830.6518307 5155.59174879
-38357.8498793 -20601.049171
-11604.5320378 -10224.3646786
-44936.4705946 -17775.4665049
56644.1613587 1713.47570741
-17111.0358472 17750.7478093
19063.3059528 34316.9432124
-13026.7889937 12759.4698429
-20786.6014051 52509.9061208
51510.3938193 -11025.4347432
7398.26064537 -52948.1231753
53654.070834 -31971.5529604
-26150.3106049 -9731.93210974
53661.4757407 52610.7571492
-6154.95140382 51207.8955485
-39527.4327211 30061.9653919
-26294.271171 -522.089018938
24448.1092057 -293.333724253
9985.46910078 -15454.8433445
-24313.6851504 -50906.4847567
-1992.68725848 -44156.1963004
46900.9761459 -14154.0975242
43723.9706766 31870.4150301
40466.7427695 41303.1925884
-27093.5363746 4845.60892687
-49829.3428045 22816.1596699
-49281.4935314 56690.9425533
-46293.685199 10911.798215
6912.1380551 -22173.7657027
-29341.1601775 44369.9663898
-18180.4665229 40627.7617875
-5087.06327185 43463.6117343
-12670.7524991 43700.7541753
31252.207901 -12180.4406561
-53074.4379591 -20539.7672806
22218.8370449 40107.8042904
-42952.0890099 -24060.0451084
-17550.4800233 -11054.1831819
47734.6133544 -38458.7371081
-6542.38373471 16725.500031
-59803.1888562 -3624.69435595
-54817.5699606 33977.6126614
1827.44914303 -31852.0107852
-1988.01459494 34570.1122514
30411.8335444 52333.0701265
15673.938157 -43991.9828158
-41671.6197469 36550.1596885
-36184.822742 -38756.074946
10707.02982 -36793.2600406
19107.8015231 24959.8673203
35002.289697 -15699.1033192
-57734.9735256 33662.6429988
24376.5794829 -8847.01267572
-22433.4586482 -4021.81553353
-8527.95247391 12077.1427763
50317.5932088 -33043.8528979
-46441.247852 -26837.990555
33798.8072165 -45170.3789008
47820.9003384 52204.2464271
46858.2397982 -59894.3893801
-10895.9696441 43149.1847573
-12426.9205684 -49301.6142697
27449.8961233 17085.9475991
54346.9089313 -19319.3838549
33569.8997054 -48526.5498345
-47432.2954216 55226.9379188
15403.6196781 54212.2406148
-52766.3524655 30061.9347454
-11968.4805828 -59770.8867569
17991.2440268 39698.6086368
-36943.4841104 43534.1689309
-32754.0372629 -8696.19971049
37175.3947471 -18897.6784273
-43550.4343592 14444.9450011
15708.4585768 -9654.34012938
52068.0771118 -3919.92843497
42304.4529713 -23747.4220914
-3975.87780756 4734.39253736
-50801.7672848 -3338.81060718
-56749.6175935 -11663.7510317
-763.87405217 14221.3848766
55567.857124 41566.0333124
22270.3669713 -51317.4354528
3763.12675584 53405.9335998
42805.112188 -8871.09893797
-33770.3419406 42410.7127593
-51214.3417604 15232.6690033
14837.2683274 -366.031706203
-36899.1419507 37404.7739367
-42392.2662914 1905.68502676
-33930.9156488 -57819.9303832
-51027.6292797 31472.2858004
1495.12812373 -42277.6439683
13420.0319583 -27786.1262323
-31505.8067748 33484.417595
58173.7309867 -56000.0513546
52024.4546937 50443.3735803
8776.8332688 -20084.0209922
15684.4415304 -3091.90930573
-7602.28834431 -18357.0447443
-48053.2833673 25861.18781
27150.1055642 -14054.2795243
23906.0978288 -4446.02526728
18640.62165 31928.1289574
-9524.96999586 27072.9421162
43808.2181082 52248.5560421
-39834.7517077 -27362.3212237
57085.2137447 -41946.3146375
-41939.0593709 -2417.99143727
36974.9013955 -44990.8598429
-28347.051703 -24956.7774869
5522.70174657 10500.7013916
8394.8471687 -14954.7167183
-59286.4263965 7721.16229579
8234.66672455 -16374.8163172
47310.5362324 -42391.6135353
-20245.3301427 42568.115067
994.503069216 -7089.8097071
40322.2378908 -50877.4930459
-59906.6284914 -535.173289169
54450.368351 -13276.182595
-40790.9507086 7938.68565343
-45750.9238117 43116.5383846
-15415.3431854 -31479.2953547
-46556.7778851 26068.0138809
-32251.5746561 -9587.37282154
20634.6945814 9576.27479092
7319.19353254 -29748.6967288
8487.40429169 35505.9620282
-47584.0703892 -22386.8207002
669.049981931 -30540.2652761
-20312.3982923 47064.1792379
-1823.10423178 41818.8489537
37744.9766484 21108.1189623
15229.0843429 -47962.6692135
-50974.1836487 55351.1935479
24937.1850258 -3404.21219001
-22000.8765547 29668.8602243
-15811.9359794 56471.0426646
-31544.760945 -38528.8375478
51563.6071732 22809.3884891
-9608.19862646 18781.9788927
-58136.7436126 -41867.6318979
26941.4820714 -44541.8672429
-21594.9160129 47549.9425088
19764.4689987 54636.5250696
449.248492177 22588.815605
-36818.1274829 50025.9623569
24591.2571048 -29052.8311387
52466.3597505 -5971.87594906
-14739.7484577 -16810.4096085
59940.4213726 -8672.82254501
-55120.627255 -37901.0896243
13111.6810147 45348.3920113
-22010.4493449 3229.23703382
717.646886048 -58156.3103549
-32970.1959944 36758.1248789
-29618.3442368 -32076.9765149
-56119.4797339 -13764.3524619
57012.174048 2710.53700891
15748.3924489 -27539.090005
46876.3328675 43878.6517445
-15369.1955724 -4207.25570238
-54609.3306436 54804.9805506
12712.1880985 47628.8710563
-44384.8358993 7244.76911949
-11132.9240506 -4287.05058131
15256.3429473 -33602.3699556
-43181.2103392 -52420.2622823
7805.7834088 -59092.0740076
-43614.9259469 -33746.9601537
21781.8459968 17219.7245243
14910.1827462 21101.3490427
26035.8269521 -5788.58268336
24574.9976306 -26928.1227445
-51026.2575489 3664.12415718
56883.5305954 54281.3689971
17265.8491622 53434.2281748
-26173.0661881 25553.3146177
25809.2507507 -42291.6094204
-8683.20192341 36287.9908371
-26554.4347258 -35494.2160538
-55862.0044505 435.943618607
43546.0591419 -16310.9409778
-46672.7081155 13877.2259253
23075.0082895 8072.77423801
56992.3534547 -19537.7809904
48597.2598449 -52862.11487
51612.8879286 24173.4144335
-51629.2152862 2456.58014806
24300.2651597 -27881.3435516
-1956.86267787 -5356.66598075
15521.8589101 -4165.46110132
50592.4595836 -48529.9038487
-50357.455198 -14405.715729
43794.8674959 22110.9295275
-49505.6458282 19959.0221437
-10957.3628534 -15959.7554721
20394.1421496 11025.7224997
50515.9190031 33728.5364155
3297.3616862 59789.4466128
-7718.40717845 1204.77622238
-32043.0565381 -4030.14305219
-22069.2239574 -40078.5514903
-24077.7631217 11074.518787
-37490.1524309 59785.9078933
-15712.2888657 -21396.1519728
-18143.5895629 49031.7365676
53624.8142163 16991.0301355
-52488.3548182 -14522.4510563
-39161.7911717 12346.9322745
