230.0 484.5 272.5 79.0 
77.0 209.0 321.5 143.0 
454.0 263.5 187.0 94.5 
25.0 174.5 79.0 171.5 
101.5 344.0 369.5 447.0 
205.0 488.5 375.5 56.0 
385.0 17.0 447.5 90.0 
263.5 153.0 312.5 368.5 
403.0 465.5 240.5 463.0 
45.0 385.5 50.5 260.0 
212.5 476.0 153.0 355.0 
346.5 466.0 210.5 414.0 
447.5 100.5 394.0 214.5 
384.5 256.5 281.0 252.0 
3.5 498.5 290.0 321.5 
422.5 113.0 265.0 320.5 
223.5 244.5 348.5 246.0 
238.5 442.0 71.0 222.0 
443.5 9.0 407.0 81.0 
280.0 483.5 340.5 253.0 
401.0 166.5 194.5 348.0 
71.0 258.0 147.5 166.5 
457.5 43.0 190.0 38.5 
479.0 5.5 321.0 217.0 
469.0 55.0 227.5 98.0 
50.0 360.5 332.5 378.5 
212.0 316.5 136.5 394.0 
467.5 184.0 347.0 297.0 
27.5 472.5 56.5 332.5 
340.5 175.0 179.5 434.5 
66.0 452.0 197.0 291.0 
291.5 394.5 199.0 412.0 
321.5 19.5 258.0 96.0 
15.0 340.0 126.5 459.5 
268.0 105.5 314.0 239.0 
324.0 216.5 257.0 35.5 
440.0 488.5 310.0 207.5 
496.5 180.5 246.0 239.0 
244.0 120.5 273.0 311.0 
404.5 140.5 387.5 310.5 
415.5 17.0 302.0 375.5 
359.5 226.5 201.5 186.5 
53.0 191.5 276.0 282.0 
34.0 52.0 49.5 90.0 
220.5 190.5 414.0 445.0 
170.0 174.5 328.5 245.0 
240.0 364.5 269.0 221.0 
497.5 153.5 432.5 206.0 
209.5 364.5 449.0 287.0 
438.5 49.0 313.5 165.5 
6.5 443.0 53.5 66.5 
242.0 42.0 259.0 215.0 
440.5 124.0 405.0 119.5 
481.0 427.0 397.5 303.0 
271.5 215.0 86.5 432.0 
347.0 6.5 291.0 250.0 
484.0 61.5 307.5 198.0 
215.5 141.0 151.5 109.5 
84.5 433.5 110.0 412.0 
422.5 380.5 231.0 281.0 
28.0 13.5 79.0 51.0 
374.5 295.0 367.0 373.0 
20.0 420.0 154.5 272.0 
225.0 239.5 272.0 197.5 
23.5 330.0 154.0 413.0 
221.5 295.0 300.0 181.0 
31.5 215.5 180.5 387.5 
427.0 356.5 213.0 450.5 
19.5 228.0 82.0 154.0 
14.0 73.5 111.0 42.5 
20.0 303.0 172.5 259.0 
54.5 9.5 91.0 254.0 
450.5 270.5 216.0 457.5 
488.5 358.0 293.5 394.5 
118.5 366.0 168.0 107.5 
489.0 268.5 336.0 205.0 
347.0 348.0 231.0 351.0 
311.0 458.0 386.5 262.0 
407.5 90.5 346.5 66.5 
402.5 165.5 328.5 64.5 
11.5 481.0 164.5 464.5 
23.5 184.0 244.0 308.5 
323.5 449.0 347.0 362.0 
491.0 37.0 203.5 115.5 
199.0 304.5 39.5 317.5 
479.5 54.5 237.0 223.0 
470.0 224.0 287.5 373.0 
7.5 433.5 243.0 423.5 
496.5 277.0 440.0 115.5 
44.5 15.5 129.5 67.5 
383.0 179.0 302.0 304.5 
58.5 397.0 151.5 232.0 
64.5 372.0 171.0 388.5 
265.5 174.0 245.0 263.0 
148.0 4.5 113.5 186.5 
476.0 399.0 364.0 406.0 
181.0 123.5 152.0 407.0 
464.0 187.5 331.5 242.0 
16.5 197.0 187.0 94.0 
7.5 20.5 65.5 249.0 
384.0 473.5 255.0 341.0 
52.0 73.5 80.0 258.0 
244.0 334.5 203.0 416.5 
9.5 278.0 37.5 234.0 
79.0 187.5 170.0 43.5 
24.5 9.0 119.5 100.5 
276.0 335.5 399.0 423.5 
274.0 342.5 311.5 140.0 
44.0 487.0 195.0 279.5 
474.0 310.5 356.0 194.0 
325.0 250.0 202.5 376.0 
248.0 178.0 117.0 237.0 
68.0 448.5 134.0 378.5 
348.0 301.0 197.5 168.5 
167.0 15.0 215.5 196.5 
148.0 19.0 57.0 186.0 
392.5 128.5 340.5 69.5 
475.0 43.5 307.0 85.0 
175.0 171.5 346.0 67.0 
460.5 353.5 464.5 265.0 
315.0 167.0 349.0 85.0 
113.0 64.0 165.0 274.0 
401.0 288.0 434.5 249.0 
496.0 488.5 420.5 442.0 
61.0 128.5 70.0 345.5 
44.0 139.5 289.0 290.0 
487.5 299.5 344.5 332.5 
422.0 289.0 290.0 256.0 
350.0 147.0 396.0 282.0 
25.0 188.0 101.5 321.5 
134.5 232.0 171.0 429.5 
404.0 144.0 428.5 143.0 
39.5 25.0 281.5 99.5 
306.0 441.5 303.5 433.5 
350.0 282.0 246.0 119.5 
343.0 70.0 368.0 95.5 
247.5 87.0 323.5 88.0 
72.0 383.0 234.0 329.5 
397.0 296.5 378.0 199.0 
148.0 31.5 199.0 369.5 
368.5 84.5 197.5 203.0 
313.5 288.0 129.5 448.0 
49.0 412.0 189.0 418.5 
21.0 305.5 65.0 401.0 
19.0 215.0 97.5 430.5 
360.0 476.5 262.0 239.0 
477.0 461.5 234.0 409.0 
95.5 224.0 54.0 212.0 
446.5 395.0 313.0 285.0 
90.0 129.5 96.0 176.0 
137.0 217.0 224.5 53.5 
85.0 423.5 103.0 461.5 
229.0 462.0 236.0 344.0 
453.5 217.5 219.5 429.5 
128.5 362.5 315.5 337.5 
228.0 202.5 275.0 286.0 
163.5 147.0 216.5 33.5 
420.5 100.5 399.5 196.0 
66.5 243.5 169.0 68.5 
257.5 295.0 314.0 406.0 
102.5 281.5 65.5 406.0 
444.0 464.0 365.5 326.5 
1.0 264.0 201.5 358.0 
220.5 73.0 456.0 294.5 
428.0 48.0 431.0 196.0 
386.5 111.5 258.5 464.5 
125.0 158.5 154.0 186.0 
95.0 386.0 242.5 411.0 
279.5 483.0 298.0 230.0 
47.5 194.0 115.5 425.5 
140.0 352.5 176.5 395.5 
230.5 288.5 107.5 68.5 
282.0 428.5 250.0 166.5 
249.5 461.5 249.0 454.0 
431.5 92.0 311.5 129.5 
218.0 113.0 196.5 465.0 
83.0 301.5 50.0 257.0 
35.5 425.5 185.5 191.0 
163.5 330.0 183.0 115.5 
71.0 361.5 220.0 457.5 
335.0 154.0 378.5 91.0 
451.5 442.0 371.0 320.0 
379.5 374.5 355.5 92.0 
121.0 213.5 239.0 325.0 
269.5 115.5 256.0 40.5 
189.0 307.0 324.5 347.5 
340.0 96.0 419.0 163.5 
27.0 161.0 164.0 70.5 
353.5 392.0 215.5 357.0 
429.5 245.0 241.0 326.5 
372.0 177.5 270.0 191.0 
18.5 483.5 165.5 139.5 
168.0 160.5 255.0 450.0 
15.0 249.0 156.0 57.0 
477.5 485.0 402.5 232.0 
77.5 378.5 168.0 385.5 
432.0 487.0 330.5 420.5 
157.0 7.5 209.0 406.0 
429.5 53.0 268.0 261.0 
296.5 147.0 189.5 307.0 
122.5 267.0 118.0 423.5 
12.5 217.0 53.5 263.0 
456.0 200.5 333.5 272.0 
301.0 405.0 115.5 340.5 
302.5 203.5 279.0 445.0 
96.0 272.0 178.5 415.0 
58.0 478.5 174.5 317.5 
264.0 264.0 251.0 253.0 
263.0 495.5 237.0 359.5 
498.0 494.0 410.5 439.5 
174.0 295.0 218.0 191.0 
23.0 68.5 222.0 232.0 
284.0 456.5 380.5 159.5 
111.5 324.5 163.0 159.5 
135.0 260.0 392.5 49.5 
364.5 66.5 406.5 222.0 
474.5 319.0 305.5 157.5 
235.0 188.5 250.0 226.0 
7.0 425.5 133.5 163.5 
488.5 374.0 456.0 370.0 
346.0 57.0 183.5 335.5 
329.5 474.5 462.5 316.5 
284.5 88.0 215.5 125.0 
127.0 313.0 159.0 350.5 
439.0 21.0 298.0 230.0 
284.0 346.5 401.0 325.5 
335.0 58.5 358.0 146.0 
407.5 299.0 343.0 390.5 
437.0 132.0 318.0 139.0 
378.0 60.0 263.0 114.5 
347.5 84.0 159.5 90.0 
376.5 240.5 164.0 79.0 
372.0 104.5 452.5 101.0 
344.5 210.0 322.0 158.5 
263.0 396.5 181.0 363.0 
179.5 332.5 274.0 248.0 
155.0 141.0 148.5 83.0 
438.0 483.5 332.5 357.0 
165.5 179.5 155.5 193.5 
232.5 205.5 187.0 366.0 
482.0 191.5 395.5 200.0 
260.0 37.0 204.5 54.0 
458.5 329.0 336.5 248.0 
264.0 348.5 223.0 444.0 
448.0 3.5 401.0 72.5 
359.0 170.0 411.0 170.5 
373.0 269.5 309.5 331.5 
471.5 132.5 330.5 96.0 
337.5 455.5 329.0 147.0 
436.5 39.5 368.5 54.0 
142.0 485.5 68.0 446.0 
7.5 452.5 211.0 384.5 
223.5 252.0 259.0 123.5 
440.0 418.0 278.5 400.0 
298.0 288.0 397.0 419.0 
144.0 119.5 144.5 287.0 
493.0 192.5 238.0 232.0 
493.0 340.5 394.5 229.0 
442.0 466.0 189.5 430.5 
361.5 267.5 366.0 33.5 
238.0 448.5 243.0 386.5 
250.0 48.0 353.0 65.5 
274.5 280.0 266.0 216.0 
445.5 69.0 240.0 72.5 
467.5 95.0 355.0 369.0 
213.0 8.5 163.5 100.5 
148.5 227.0 357.5 380.5 
494.5 86.0 322.0 66.0 
425.0 217.5 443.5 130.0 
273.0 192.0 352.5 236.0 
5.0 481.0 59.0 451.0 
12.5 198.0 40.5 227.0 
416.0 1.0 361.5 288.0 
436.5 426.0 365.0 247.0 
477.5 422.5 379.0 367.0 
110.0 80.0 157.5 90.0 
442.5 309.5 379.0 353.5 
369.5 382.0 262.0 66.5 
475.0 441.0 300.5 301.0 
341.0 431.0 386.0 279.0 
155.0 237.0 64.5 440.5 
84.0 192.5 214.0 258.0 
221.0 492.5 142.0 233.0 
147.5 178.5 146.5 46.5 
453.0 312.5 381.5 207.0 
330.0 177.5 192.5 171.5 
474.0 292.5 428.0 160.5 
259.0 161.0 254.0 204.0 
487.5 29.0 391.5 61.0 
429.0 277.5 117.5 450.5 
211.5 309.0 349.5 379.5 
47.5 274.5 123.0 366.0 
351.0 24.5 313.0 206.0 
259.0 297.0 215.5 410.0 
431.5 18.0 263.0 243.0 
374.5 241.0 453.0 289.0 
140.5 273.5 172.5 263.0 
16.5 341.5 109.0 105.5 
26.5 278.5 184.0 380.0 
247.0 242.0 279.5 91.0 
493.5 185.0 461.0 327.5 
426.5 169.0 295.0 442.0 
56.5 259.0 259.5 442.0 
289.0 223.5 284.0 379.0 
318.0 20.0 319.5 167.5 
265.5 476.0 293.5 332.5 
187.5 20.0 283.0 223.0 
3.0 64.0 239.5 343.5 
412.0 224.0 271.5 276.0 
7.0 239.5 74.5 380.5 
12.5 160.5 64.5 299.5 
123.5 211.5 431.5 216.0 
234.5 234.0 281.0 57.0 
23.5 441.5 107.5 394.5 
388.0 173.0 304.5 132.0 
156.5 65.5 58.0 63.5 
385.0 76.0 317.0 46.5 
432.5 480.0 277.0 420.0 
357.5 282.0 434.0 217.0 
102.0 483.5 44.0 334.5 
8.5 482.5 169.0 402.0 
261.0 167.5 252.0 50.5 
94.0 364.0 250.0 287.5 
349.5 139.0 173.0 108.5 
206.0 372.0 331.5 272.0 
281.0 267.0 230.0 349.0 
219.0 170.5 283.5 126.5 
170.5 211.5 196.0 298.5 
406.5 146.0 251.0 225.0 
86.0 467.0 51.0 147.5 
107.5 272.0 254.0 253.0 
434.5 239.0 293.5 338.5 
216.5 100.5 217.5 69.0 
346.5 291.5 235.0 116.0 
159.5 476.5 256.0 304.5 
397.5 374.5 232.0 204.0 
293.5 325.5 237.0 202.0 
313.5 385.0 235.0 273.0 
115.5 17.5 341.0 133.0 
190.0 383.0 166.5 331.5 
407.0 475.0 148.0 415.0 
171.5 102.0 393.0 371.0 
7.0 343.5 79.0 141.5 
29.5 356.0 194.5 454.5 
399.5 481.5 254.0 395.0 
20.0 138.0 123.0 182.5 
156.5 85.0 201.0 229.0 
454.5 35.0 357.5 97.0 
11.0 438.5 150.5 280.0 
494.0 324.5 363.0 375.0 
376.0 269.0 341.0 378.5 
96.0 349.5 156.5 162.5 
273.5 416.0 311.5 165.5 
47.5 270.5 264.0 355.0 
233.0 483.5 100.5 449.5 
355.5 247.5 452.5 97.5 
269.5 42.0 263.0 238.0 
392.0 230.5 189.0 352.0 
263.0 342.5 90.0 340.5 
71.0 19.5 99.5 72.5 
235.0 391.0 86.0 340.0 
480.5 252.0 409.5 224.0 
499.0 498.0 363.0 358.0 
100.5 316.0 75.0 115.5 
139.5 231.5 232.5 451.0 
126.5 393.5 165.0 372.5 
235.0 248.0 124.0 436.0 
110.5 179.5 82.0 121.5 
214.0 74.0 160.0 133.0 
151.0 191.0 161.0 347.5 
95.5 292.5 316.0 125.5 
309.0 91.5 371.5 435.0 
309.5 402.5 286.0 366.0 
161.5 256.0 80.5 185.5 
339.0 225.5 450.5 348.0 
432.5 450.0 323.0 401.5 
318.0 412.5 318.5 331.5 
258.5 139.0 297.0 193.0 
26.5 32.5 170.5 339.5 
4.5 134.0 188.5 42.5 
300.0 424.0 419.5 225.0 
435.0 361.0 353.0 314.5 
1.5 494.5 116.5 274.0 
357.0 346.0 367.5 407.0 
179.5 258.0 161.5 35.5 
299.0 105.5 295.5 354.0 
321.0 91.5 134.0 190.5 
370.0 276.0 439.0 86.0 
58.0 446.0 84.5 346.5 
460.0 12.5 195.5 50.0 
462.5 18.5 204.5 46.5 
188.5 265.0 301.0 105.5 
335.0 147.5 233.0 214.0 
287.5 319.0 90.0 214.5 
319.5 265.0 67.0 275.0 
28.5 18.0 247.0 87.0 
80.5 91.5 206.0 120.0 
87.0 269.0 102.0 183.5 
38.5 283.5 152.0 376.5 
328.5 313.0 291.0 238.0 
290.5 174.0 82.5 233.0 
241.0 279.0 310.0 130.0 
104.0 451.0 238.5 342.0 
325.0 131.5 213.0 324.5 
108.0 21.5 50.5 97.0 
425.5 97.0 384.5 260.0 
130.5 8.5 300.0 229.0 
219.0 36.0 241.0 229.0 
164.5 326.5 59.5 412.0 
483.0 383.5 387.5 57.0 
259.0 269.0 293.0 410.0 
482.0 53.0 366.0 124.5 
114.5 148.5 205.5 246.0 
23.0 100.5 167.5 169.5 
341.5 81.5 170.0 288.0 
27.5 150.5 119.0 51.0 
330.0 466.5 262.5 356.0 
217.5 96.5 336.5 127.5 
359.5 246.5 411.0 126.0 
159.0 26.0 201.0 258.0 
294.0 232.0 149.0 372.0 
434.0 177.5 202.0 282.0 
336.5 91.5 404.0 112.5 
270.0 395.5 307.0 362.0 
471.5 70.0 350.5 102.5 
144.0 190.5 121.0 265.0 
223.0 438.0 185.0 133.0 
51.0 204.0 91.0 261.0 
56.0 439.0 188.5 459.5 
433.0 181.5 384.5 410.0 
490.5 344.5 288.5 360.0 
89.0 220.0 388.5 239.0 
469.5 430.5 248.0 296.0 
12.0 269.5 100.0 423.5 
266.0 293.5 273.5 361.0 
326.5 393.0 395.0 350.5 
366.0 423.5 235.5 145.0 
290.5 359.5 248.0 145.0 
237.0 322.0 79.0 184.5 
58.0 311.0 126.5 437.0 
41.5 191.5 231.5 119.5 
17.0 6.0 127.0 189.5 
403.5 150.5 365.0 364.0 
50.0 496.0 63.0 460.5 
361.0 343.5 277.5 400.0 
408.0 174.5 298.0 109.5 
333.0 141.5 370.5 198.0 
455.0 379.0 163.5 97.5 
433.0 309.5 442.0 320.5 
284.0 300.0 185.0 118.0 
384.5 450.0 155.0 353.0 
298.0 102.0 384.0 51.0 
3.0 150.5 77.0 267.0 
293.5 101.5 196.5 160.0 
435.0 79.5 366.5 41.5 
94.0 460.5 158.5 326.5 
128.5 281.5 147.5 45.0 
193.0 488.0 285.0 451.5 
403.5 257.5 319.5 52.0 
398.0 172.0 326.0 452.5 
282.5 74.5 197.0 99.0 
345.5 192.0 314.5 152.5 
1.5 387.0 157.0 434.5 
15.0 55.5 56.0 160.5 
349.5 243.0 284.0 175.5 
326.5 44.0 94.5 113.5 
417.5 189.0 187.0 93.0 
473.0 61.5 324.5 341.5 
40.5 9.5 172.0 202.5 
174.0 181.0 311.5 411.0 
165.5 214.5 114.0 274.5 
208.5 252.5 227.5 456.5 
444.0 244.0 241.0 85.0 
283.0 391.5 408.0 458.0 
195.5 180.0 210.5 126.0 
361.5 368.0 343.0 255.0 
238.5 1.0 223.5 118.5 
237.0 362.5 217.0 227.0 
484.0 196.5 384.0 263.0 
477.0 16.5 343.0 159.5 
204.0 229.0 228.5 191.5 
382.0 281.5 303.5 36.0 
7.5 472.5 252.0 329.5 
199.0 171.5 290.0 205.0 
211.0 309.0 404.5 389.5 
215.5 132.5 41.5 233.0 
126.0 86.5 137.5 195.0 
201.0 486.5 89.5 313.5 
144.0 44.5 130.0 105.5 
0.0 167.5 168.0 38.5 
344.0 108.5 224.5 116.0 
38.0 83.0 121.5 87.0 
79.0 438.5 231.5 452.0 
165.5 498.0 309.0 216.0 
316.5 351.5 120.5 198.5 
99.0 367.5 201.5 463.5 
142.5 174.0 261.0 273.0 
286.0 171.0 340.0 415.0 
487.5 341.5 422.5 280.0 
306.5 328.5 192.0 367.0 
205.5 389.0 270.0 329.5 
496.0 242.5 324.5 85.0 
480.5 68.0 426.0 43.5 
323.5 113.0 265.0 135.0 
262.5 412.0 317.0 149.0 
480.5 35.0 379.5 119.0 
130.5 367.5 284.5 126.0 
14.5 197.0 41.5 212.0 
325.0 392.5 280.0 400.5 
13.0 31.0 158.5 239.0 
105.5 101.5 231.0 130.0 
389.0 280.0 406.0 283.0 
58.5 311.0 94.5 100.5 
179.5 135.0 294.0 84.0 
287.5 448.0 224.5 366.5 
76.5 314.5 202.0 260.0 
250.5 8.5 151.0 411.5 
441.0 125.5 135.5 343.0 
285.0 445.0 418.5 177.5 
286.5 17.5 227.5 67.5 
29.5 311.5 127.5 159.5 
9.0 254.5 167.0 126.0 
131.5 46.0 324.5 412.0 
495.5 275.0 447.5 314.0 
313.5 239.0 321.0 388.5 
456.0 133.0 352.5 320.5 
2.5 10.0 232.0 110.5 
368.5 276.0 263.0 102.5 
455.0 113.0 260.0 206.5 
97.0 359.5 224.5 400.5 
284.5 150.0 312.0 95.5 
491.0 355.5 280.0 437.5 
288.5 349.0 177.0 184.0 
305.5 219.5 408.5 143.5 
230.0 489.0 143.0 416.0 
82.0 402.5 259.5 76.5 
355.0 432.5 198.0 271.0 
331.0 199.0 339.0 188.0 
181.5 71.0 121.5 288.5 
419.0 233.0 356.5 52.0 
194.0 395.5 166.5 77.0 
338.0 187.0 267.5 386.5 
6.5 357.0 196.5 142.5 
151.0 146.0 77.0 300.0 
10.0 259.5 106.5 335.5 
374.0 483.0 263.0 363.0 
21.0 278.0 163.5 413.0 
160.0 4.0 146.0 68.5 
225.0 368.5 260.0 423.5 
36.0 141.5 156.5 168.5 
93.5 355.5 163.0 446.0 
14.5 35.5 61.0 119.5 
190.0 171.0 226.0 174.5 
62.5 118.5 216.0 271.0 
310.5 373.5 431.0 234.0 
491.5 286.0 349.0 369.0 
250.0 464.0 298.5 345.5 
410.0 393.0 223.5 100.0 
47.5 160.0 273.0 226.0 
1.5 2.0 101.5 60.0 
355.0 478.0 267.0 214.0 
497.0 212.5 452.5 339.0 
437.5 43.5 378.0 177.0 
243.5 280.5 86.5 393.5 
372.5 387.5 118.0 327.5 
360.0 285.0 186.5 254.0 
131.5 183.0 303.0 299.5 
493.5 481.0 352.0 203.0 
85.0 329.0 127.5 409.0 
389.5 359.0 289.5 370.5 
99.0 23.0 176.0 189.5 
245.5 179.5 265.5 85.0 
67.0 139.5 136.5 60.0 
303.5 379.0 106.0 316.0 
190.5 15.5 125.5 52.0 
260.0 51.0 243.0 96.0 
460.5 361.5 390.0 460.5 
65.0 346.5 40.0 356.5 
240.0 248.0 209.5 356.0 
134.5 13.0 195.0 265.0 
380.5 152.5 176.5 77.0 
3.0 78.0 65.0 143.0 
382.5 245.0 104.0 256.0 
354.0 9.5 269.5 58.5 
209.5 275.0 79.0 266.0 
440.0 165.5 140.5 220.0 
330.5 451.5 351.5 94.0 
34.0 351.5 188.0 136.0 
306.5 465.5 313.0 186.5 
397.0 415.5 361.5 85.5 
331.5 325.0 225.0 161.5 
30.0 212.0 110.0 125.5 
351.0 64.5 279.0 237.0 
105.0 12.5 89.5 48.5 
213.5 157.5 345.0 296.5 
447.0 434.5 414.5 350.0 
66.0 123.0 111.5 194.0 
89.0 117.5 370.0 114.5 
67.5 136.5 125.0 93.0 
320.0 233.5 311.0 370.0 
37.0 172.0 97.5 395.5 
135.5 88.5 138.0 135.0 
397.5 188.0 416.0 429.5 
355.5 443.0 412.5 420.5 
24.0 481.0 249.0 381.5 
430.0 140.0 383.5 198.0 
256.5 334.5 288.0 305.0 
497.0 118.5 425.5 288.0 
495.0 189.0 282.5 363.0 
390.5 423.0 317.5 320.0 
317.5 192.0 263.0 265.0 
288.5 51.5 327.0 229.0 
397.5 162.0 333.0 52.0 
26.5 45.0 103.5 195.0 
119.0 287.5 348.5 231.0 
214.0 128.0 270.0 285.0 
271.0 259.0 144.5 380.5 
251.0 185.5 341.5 413.0 
348.0 395.5 147.0 312.0 
221.0 125.0 264.0 397.5 
140.0 247.5 251.0 98.5 
309.5 401.5 356.0 139.0 
127.5 253.0 84.0 249.0 
401.0 89.5 377.5 103.0 
487.5 21.5 272.0 322.0 
414.0 62.5 444.5 100.0 
486.0 19.5 332.0 235.0 
495.0 337.5 199.5 367.0 
401.5 178.0 404.0 383.5 
419.5 210.0 300.0 234.0 
406.5 214.0 344.5 238.0 
121.5 115.0 127.5 147.5 
233.5 390.5 140.5 267.0 
319.5 474.0 297.5 344.5 
403.0 203.0 315.5 191.5 
486.5 441.5 405.5 437.0 
253.5 257.0 229.0 255.0 
369.0 281.5 399.5 157.5 
289.0 254.5 273.0 161.0 
158.0 162.5 234.5 83.0 
403.0 210.0 441.5 58.0 
29.5 330.0 182.5 290.0 
495.5 135.0 398.0 42.5 
318.0 386.0 328.5 339.5 
28.0 159.5 124.0 165.5 
354.5 91.5 320.0 41.5 
472.0 484.0 263.5 267.0 
480.0 7.0 113.5 120.5 
87.0 95.5 192.0 274.0 
348.0 401.5 263.0 237.0 
48.5 466.5 108.0 362.0 
126.0 201.0 183.0 86.0 
334.5 4.5 383.5 382.5 
320.0 494.0 365.5 461.5 
389.0 311.5 378.5 290.0 
126.0 15.0 151.0 127.5 
493.5 287.5 138.0 250.0 
344.0 119.5 296.5 348.0 
49.5 471.0 65.0 347.5 
483.5 30.5 257.0 44.5 
218.0 455.5 352.0 207.0 
285.0 278.0 241.0 369.5 
445.5 380.0 397.0 458.5 
301.0 113.0 292.5 154.5 
276.0 31.5 364.0 153.5 
20.5 63.0 54.0 144.0 
359.0 490.5 347.5 463.0 
68.0 286.0 145.0 259.0 
36.5 483.5 148.5 214.0 
274.0 62.0 109.0 272.0 
293.0 443.5 329.0 427.5 
173.5 146.5 380.5 288.0 
315.5 355.5 285.0 434.5 
481.5 99.0 420.0 127.5 
291.0 383.5 208.5 186.5 
231.0 297.5 279.5 404.5 
479.5 427.5 416.5 427.5 
167.5 2.0 287.5 367.5 
63.5 217.0 225.5 192.5 
482.5 491.0 463.0 228.0 
194.5 67.5 173.0 208.0 
3.0 185.5 116.0 325.5 
98.0 66.0 87.5 167.5 
488.5 237.5 372.0 300.0 
440.0 154.0 314.0 215.0 
268.5 320.0 161.5 153.5 
489.0 387.0 335.5 449.0 
250.0 216.0 236.0 170.5 
20.0 257.0 139.5 169.5 
402.5 492.5 373.0 219.0 
462.0 250.5 348.5 271.0 
49.5 266.0 258.0 246.0 
34.0 479.5 80.0 353.0 
327.5 136.0 365.5 41.5 
111.0 309.0 216.0 225.0 
421.5 180.0 196.5 246.0 
182.5 425.0 235.0 396.5 
2.0 366.5 67.5 301.0 
21.5 241.0 127.5 270.0 
110.5 202.5 323.5 111.5 
467.0 373.0 259.5 141.0 
318.0 213.0 167.0 366.0 
39.0 58.0 122.0 132.0 
173.5 456.5 194.0 194.0 
305.0 121.5 305.5 56.5 
379.0 202.0 254.0 132.0 
165.5 266.5 236.0 274.0 
20.0 67.0 269.0 234.0 
223.0 471.5 177.5 266.0 
269.0 436.0 100.0 293.0 
7.5 155.5 192.5 175.5 
9.0 71.0 85.0 106.5 
454.5 234.5 276.0 275.0 
50.5 397.0 291.5 341.5 
310.0 23.0 294.0 91.0 
414.0 454.0 372.5 391.5 
344.5 66.0 321.5 348.0 
18.5 290.0 84.5 427.5 
22.0 77.5 163.0 123.5 
26.0 336.5 37.0 233.5 
86.0 121.0 103.5 148.0 
381.0 476.0 417.0 167.5 
443.0 137.5 367.5 391.5 
381.5 48.0 260.0 175.5 
418.5 168.5 254.0 152.0 
317.5 97.5 224.5 145.0 
73.0 217.5 100.0 278.0 
398.0 163.5 384.0 169.5 
393.5 97.0 252.0 181.5 
2.5 249.0 293.0 198.5 
247.0 90.5 216.5 188.5 
111.5 304.5 145.5 369.0 
72.5 465.0 203.5 36.5 
102.0 404.0 205.0 86.0 
425.0 90.5 435.5 60.5 
193.0 172.5 213.5 304.0 
409.0 402.5 196.0 235.0 
356.0 373.0 300.0 227.5 
336.5 479.5 236.0 319.5 
478.5 419.5 347.0 276.0 
459.5 316.0 288.0 298.0 
52.5 226.5 169.5 411.0 
383.5 418.0 210.0 428.5 
83.0 274.0 339.5 77.5 
108.0 240.0 158.0 50.0 
446.5 476.5 333.0 169.5 
13.5 190.0 296.0 268.0 
295.5 1.5 287.0 96.0 
243.0 438.5 216.0 417.0 
140.0 310.0 105.0 124.5 
103.5 411.5 319.0 440.0 
137.0 472.0 309.0 289.0 
105.5 128.0 185.0 391.5 
200.0 342.5 351.5 319.5 
484.5 476.5 325.0 357.0 
477.0 209.0 348.0 76.5 
143.5 3.0 318.0 68.5 
161.5 104.0 351.5 187.0 
6.5 245.0 177.5 268.0 
398.5 262.0 298.0 172.5 
1.5 228.5 226.0 229.0 
461.0 256.5 387.0 176.5 
459.0 193.5 280.0 198.0 
298.5 108.5 205.0 49.0 
99.5 175.5 175.5 97.0 
485.0 100.5 383.5 423.0 
78.0 428.0 122.0 311.0 
325.5 159.5 147.0 181.0 
148.0 202.0 169.5 417.0 
436.5 97.0 339.0 189.0 
18.0 106.0 196.0 96.0 
482.0 487.0 331.5 316.5 
394.5 286.0 382.5 259.0 
439.0 491.5 359.5 323.5 
375.5 346.5 303.0 393.5 
260.5 133.0 201.0 37.0 
266.0 5.5 206.0 94.0 
109.5 426.0 188.0 400.0 
23.0 353.0 360.0 360.5 
236.5 115.0 188.0 390.5 
98.0 122.0 143.0 347.5 
407.0 221.0 312.5 412.0 
240.0 375.5 278.0 260.0 
410.0 87.5 344.0 106.5 
253.5 21.0 48.0 203.0 
107.5 299.5 95.5 261.0 
360.0 168.5 322.0 456.5 
38.0 365.0 53.0 282.5 
224.0 446.0 246.0 161.5 
260.0 242.5 114.0 393.0 
469.0 315.0 398.5 104.5 
336.5 265.0 418.0 235.0 
239.0 365.0 412.5 402.0 
146.0 22.5 268.5 155.5 
105.5 100.0 60.5 58.0 
360.5 440.5 317.5 419.0 
415.5 178.5 436.5 76.0 
410.5 211.0 430.5 329.5 
412.0 366.5 406.5 283.0 
470.0 31.0 429.0 50.5 
424.5 9.0 440.0 49.5 
298.5 248.5 319.5 169.5 
287.0 192.0 218.5 306.0 
62.5 240.0 140.5 172.5 
381.5 245.5 355.0 311.5 
344.5 138.5 255.0 178.0 
385.5 411.0 265.5 418.0 
486.5 416.0 434.0 196.0 
361.5 171.0 447.0 330.5 
230.5 298.5 268.5 452.5 
453.0 339.5 276.0 251.0 
42.0 116.0 116.5 294.0 
46.0 388.0 322.0 358.0 
498.0 433.5 431.0 112.5 
313.5 226.0 295.5 258.0 
360.5 330.0 248.0 193.0 
205.0 348.0 157.5 452.5 
297.5 157.5 205.5 80.5 
472.0 393.0 198.0 270.0 
144.5 384.0 93.0 285.5 
132.0 56.0 168.5 200.0 
157.0 130.5 148.0 194.0 
306.0 370.5 315.0 291.0 
352.5 23.0 379.0 275.0 
229.0 112.0 128.5 97.0 
360.5 279.0 425.0 298.5 
275.5 25.0 422.5 357.0 
199.0 211.5 78.5 58.5 
41.0 457.5 328.0 308.0 
27.5 394.5 65.5 106.5 
90.0 466.5 136.0 366.0 
476.0 492.5 449.0 429.5 
131.0 66.0 147.5 37.0 
153.5 385.0 240.0 142.0 
44.5 221.5 144.0 188.5 
142.5 433.5 211.0 423.0 
146.0 330.5 143.5 401.0 
8.0 171.5 87.5 362.0 
8.5 392.5 265.5 200.0 
34.0 382.5 235.0 378.5 
241.0 485.5 348.5 343.0 
260.0 420.0 418.5 289.0 
432.5 189.0 315.5 434.0 
77.5 414.0 195.0 262.0 
92.5 26.0 227.5 88.0 
162.5 215.0 270.0 191.0 
29.0 371.0 246.0 460.5 
58.0 263.0 126.5 284.0 
29.0 408.5 178.0 280.0 
49.0 168.0 132.0 129.0 
379.0 19.0 394.5 111.5 
142.5 136.5 154.0 60.0 
245.0 97.0 438.0 192.5 
15.5 127.0 85.0 46.5 
309.5 205.0 348.5 228.0 
28.5 47.0 288.0 120.0 
236.0 154.5 207.5 343.5 
497.5 182.5 403.0 251.0 
343.0 395.0 316.0 435.5 
233.0 253.0 225.0 308.5 
28.0 148.5 225.5 399.5 
456.0 453.5 368.5 457.0 
287.0 297.5 190.5 427.5 
471.5 192.5 266.5 177.5 
177.5 79.5 314.5 423.5 
120.5 213.5 161.5 121.5 
51.0 464.0 276.0 456.5 
5.0 47.5 174.0 85.0 
363.5 401.0 326.5 339.5 
73.0 474.0 283.0 228.0 
395.5 335.5 124.0 191.0 
439.5 169.0 230.5 37.0 
198.0 421.0 171.5 357.5 
11.0 411.0 129.5 164.5 
54.5 151.5 175.0 364.0 
260.0 352.5 213.5 50.0 
479.5 405.0 383.0 130.5 
33.0 282.5 77.5 166.5 
419.5 342.5 419.5 276.0 
220.5 467.0 272.0 342.5 
226.0 25.5 159.0 203.5 
266.5 25.5 213.5 154.5 
140.0 68.0 167.5 407.0 
164.5 495.0 268.0 453.5 
185.5 431.0 171.0 364.0 
38.5 282.0 300.0 271.0 
315.0 208.5 252.0 376.5 
165.5 82.5 237.0 199.0 
175.5 234.0 332.0 383.5 
483.5 412.5 264.5 444.0 
418.5 453.5 427.0 381.0 
472.0 405.5 297.0 263.0 
35.0 185.0 42.0 243.0 
243.0 71.0 224.0 270.0 
382.5 282.0 193.5 35.5 
181.0 52.0 41.0 257.0 
107.0 482.5 143.5 380.5 
262.5 278.0 125.5 196.5 
309.5 381.5 394.5 201.0 
62.0 74.0 241.0 315.0 
2.5 234.5 66.5 238.0 
461.0 479.5 362.5 159.5 
44.0 357.0 362.5 263.0 
24.0 481.5 211.0 458.5 
456.5 273.5 228.5 181.0 
300.0 130.5 349.5 157.5 
172.0 331.5 111.0 220.5 
349.0 300.0 189.5 318.0 
105.5 368.5 223.0 195.5 
21.5 2.5 350.0 51.0 
339.0 205.0 222.0 88.0 
152.0 278.5 86.0 411.0 
56.0 351.5 45.5 155.5 
110.0 171.5 133.0 302.0 
395.0 251.5 314.5 173.5 
69.0 138.0 218.5 415.0 
131.5 399.5 307.0 77.0 
473.0 307.5 329.5 168.5 
379.0 406.0 322.5 323.5 
12.0 440.5 182.5 169.5 
59.0 371.5 91.5 198.0 
438.5 335.5 327.0 263.0 
108.5 391.5 174.5 448.0 
413.5 370.5 311.0 307.0 
473.5 259.5 421.5 146.0 
469.5 270.0 330.0 297.0 
330.0 368.0 297.0 105.0 
475.5 189.5 250.0 110.5 
347.0 377.5 381.5 298.5 
371.5 85.5 342.0 133.0 
479.5 150.5 333.0 354.5 
425.0 399.5 456.5 312.5 
285.5 484.5 188.5 452.5 
435.0 471.5 365.0 455.5 
123.0 371.5 273.0 301.0 
207.0 325.0 83.0 170.5 
483.5 63.0 333.5 159.5 
427.5 131.5 69.5 102.0 
23.5 169.0 215.0 261.0 
406.5 272.0 326.0 63.0 
400.0 92.5 244.5 223.0 
187.5 405.5 191.5 414.0 
53.5 415.5 82.5 226.0 
21.0 300.5 75.5 437.0 
65.5 190.0 59.0 350.0 
460.5 21.5 352.0 74.0 
291.5 245.5 204.5 444.0 
271.0 274.5 305.0 118.5 
220.0 149.0 262.0 204.0 
193.5 99.0 163.0 354.5 
312.5 229.5 106.0 446.0 
87.0 278.0 225.0 193.5 
475.5 175.0 392.0 339.0 
476.5 151.5 376.5 349.0 
41.0 152.0 107.5 155.5 
496.5 374.5 289.0 228.0 
13.5 195.0 214.5 463.5 
404.5 276.5 371.5 334.5 
467.5 498.5 430.5 289.0 
486.5 128.0 427.0 237.0 
237.0 272.0 345.5 407.0 
326.0 197.5 369.5 93.0 
477.0 115.5 396.5 231.0 
274.5 367.0 286.5 392.5 
5.5 466.0 196.0 368.5 
11.5 88.5 134.5 116.5 
188.5 488.0 275.5 412.0 
95.5 59.5 431.0 231.0 
484.5 405.0 347.5 283.5 
288.0 88.0 349.0 242.0 
310.5 310.5 262.0 240.0 
454.5 52.5 245.0 170.5 
409.0 79.5 285.0 34.5 
40.5 194.5 166.0 215.0 
368.5 369.0 189.0 284.0 
136.0 434.0 193.5 176.0 
482.5 38.0 296.0 190.5 
5.5 8.0 130.5 126.0 
267.0 87.5 224.5 378.5 
135.5 291.5 377.0 308.0 
84.5 156.5 222.5 359.0 
104.0 98.5 254.0 351.0 
437.5 70.0 250.0 98.0 
49.5 494.5 446.0 224.0 
487.5 442.0 398.5 348.5 
375.5 77.0 291.0 170.5 
18.5 482.5 165.5 427.5 
469.5 24.5 339.5 64.0 
359.5 140.5 360.5 287.5 
12.5 380.5 201.5 464.5 
229.5 67.5 140.5 101.0 
404.5 495.5 255.0 116.0 
430.5 79.0 417.0 74.5 
460.0 64.5 363.5 160.5 
83.5 498.5 79.5 395.5 
492.0 7.5 377.0 117.5 
8.0 308.5 69.5 283.0 
446.0 486.0 210.5 362.0 
170.5 402.5 131.0 368.0 
371.5 422.0 289.0 194.5 
180.0 433.5 182.0 281.5 
375.5 20.5 351.0 90.0 
497.0 39.5 191.0 71.5 
179.0 384.0 155.0 432.5 
256.5 352.0 225.5 454.0 
45.0 388.0 137.0 251.0 
488.0 310.5 424.0 385.5 
187.0 186.0 303.0 105.5 
19.0 338.0 164.0 124.0 
489.5 429.0 351.5 421.5 
400.0 387.0 287.5 110.5 
34.5 259.0 104.5 202.0 
241.0 68.5 206.0 40.5 
348.5 16.0 455.0 300.0 
129.0 312.0 199.0 433.5 
284.0 475.0 342.0 444.0 
497.5 412.0 260.0 232.0 
27.0 135.5 280.0 321.5 
130.5 272.0 298.0 264.0 
274.0 497.5 384.5 306.0 
190.5 478.0 152.0 285.0 
338.0 373.5 277.5 153.5 
44.0 370.0 53.0 287.0 
167.5 331.0 243.5 134.0 
144.5 200.5 350.0 213.0 
437.5 208.0 220.0 78.5 
329.5 203.0 268.5 140.0 
91.5 493.5 140.5 293.0 
170.0 8.5 229.5 187.0 
496.5 90.0 389.0 74.5 
457.5 163.0 404.0 417.0 
207.5 249.0 296.5 456.5 
394.5 9.5 342.0 54.0 
286.5 190.5 311.0 389.5 
473.0 40.0 406.0 35.0 
359.0 70.0 321.5 43.5 
164.5 195.0 398.5 52.0 
95.0 334.0 201.0 409.0 
33.5 204.5 96.5 118.5 
224.0 60.5 315.5 58.0 
368.5 416.0 184.5 414.5 
331.0 312.5 290.5 308.0 
423.5 314.0 384.5 401.0 
104.5 100.5 141.5 115.5 
473.5 36.5 316.0 377.0 
273.0 369.5 230.5 373.5 
195.5 14.5 272.5 104.5 
498.0 153.0 390.5 310.0 
128.5 1.0 156.0 55.0 
30.5 320.0 60.0 418.0 
120.5 55.5 141.0 144.0 
11.0 348.5 99.0 322.0 
128.0 11.5 161.0 212.0 
92.5 145.5 156.5 109.5 
34.0 382.0 127.0 203.5 
357.0 3.0 332.5 176.5 
309.5 46.0 108.0 281.5 
155.5 103.5 261.5 149.0 
11.0 80.0 83.0 48.0 
329.0 499.0 351.5 403.0 
194.5 51.5 191.5 131.0 
310.5 3.0 309.5 46.5 
326.5 377.0 260.0 162.5 
207.0 20.0 240.0 345.5 
104.5 290.0 105.5 299.0 
497.5 441.0 408.0 419.0 
315.5 328.5 219.5 296.0 
105.0 475.0 116.0 398.5 
25.5 491.5 341.5 225.0 
447.5 444.5 270.5 415.0 
182.0 329.0 223.0 268.0 
82.5 67.5 82.5 180.5 
36.5 309.0 76.0 425.5 
113.0 179.5 127.0 241.0 
135.0 221.5 181.0 49.0 
473.0 359.5 416.0 240.0 
81.5 353.5 255.5 392.5 
168.5 187.5 267.5 142.5 
212.0 495.5 168.0 436.5 
118.5 413.5 212.5 368.5 
355.0 475.5 307.5 129.5 
493.5 365.0 339.5 313.5 
381.0 183.5 255.0 187.5 
322.0 399.0 311.0 314.5 
475.5 20.0 408.5 236.0 
463.5 398.0 154.0 433.0 
226.5 465.0 178.5 173.5 
410.5 379.0 252.0 266.0 
326.0 170.5 196.0 210.0 
102.0 130.5 52.5 111.5 
410.5 132.0 309.0 224.0 
437.0 251.5 396.0 379.5 
14.5 136.5 111.0 270.0 
90.0 301.0 113.0 368.0 
21.5 298.5 146.5 97.0 
168.0 284.0 428.0 37.5 
24.0 399.5 177.0 204.0 
399.0 342.5 249.0 235.0 
412.5 441.5 205.5 413.0 
461.0 136.0 375.0 192.0 
211.0 242.0 106.5 216.0 
20.0 436.5 234.0 326.5 
32.5 303.0 95.5 440.0 
61.5 498.5 165.5 465.0 
24.5 478.0 41.5 149.0 
483.5 484.5 377.0 418.0 
170.0 85.0 163.5 94.0 
186.5 333.5 72.5 367.0 
138.0 46.0 133.5 93.0 
397.0 346.5 276.0 209.5 
486.5 60.5 432.5 163.5 
454.0 13.5 219.5 149.5 
61.5 379.5 202.5 76.5 
461.0 229.0 352.5 176.5 
61.5 89.5 110.0 275.0 
294.5 137.0 348.0 37.5 
190.5 394.5 88.5 223.0 
333.5 23.0 330.5 242.0 
452.0 137.0 415.5 275.0 
62.0 48.5 246.0 208.0 
312.0 26.0 287.0 430.5 
37.0 84.5 83.0 309.5 
346.5 265.0 111.0 326.0 
230.0 363.0 246.0 453.0 
420.0 424.5 398.0 323.5 
66.0 490.0 311.0 148.0 
477.0 387.0 378.5 223.0 
3.5 241.0 127.5 441.0 
476.0 367.5 318.5 311.5 
460.0 301.5 210.5 154.5 
34.5 421.5 280.0 288.0 
252.5 432.0 163.5 235.0 
489.5 43.0 202.0 402.0 
375.5 105.5 391.0 320.5 
234.0 496.5 209.0 286.0 
332.0 116.0 302.5 172.5 
452.0 275.0 443.5 154.5 
357.0 284.0 339.5 80.0 
219.0 479.0 177.0 284.5 
209.0 446.0 347.0 441.5 
484.0 51.5 210.0 40.5 
134.0 329.5 311.0 292.0 
217.0 312.5 278.0 267.0 
19.5 236.0 206.5 113.5 
397.0 451.5 159.0 418.0 
213.5 250.5 113.5 438.0 
294.5 483.5 264.5 427.5 
188.0 381.0 232.5 313.0 
72.0 1.0 344.0 71.5 
430.0 70.5 356.5 394.5 
191.0 332.5 204.5 162.5 
304.5 355.0 188.0 267.0 
232.0 81.5 210.0 190.0 
364.5 273.5 393.0 405.0 
40.0 491.5 75.5 323.5 
380.5 453.5 333.5 327.5 
244.0 264.5 354.5 220.5 
212.0 69.5 392.0 126.0 
0.5 485.5 94.5 146.0 
3.5 497.0 91.0 375.5 
50.5 132.5 41.0 235.0 
370.5 195.5 144.5 102.5 
458.5 479.5 258.0 212.0 
285.5 178.5 355.0 125.0 
223.5 339.5 317.5 142.5 
495.0 357.5 329.0 436.0 
121.0 138.5 336.0 292.0 
471.5 262.0 388.0 316.0 
274.5 471.5 214.5 180.5 
495.0 279.0 344.0 248.0 
139.0 2.5 115.5 153.5 
69.0 358.0 204.5 188.0 
258.0 266.5 84.5 234.0 
4.5 251.0 169.5 319.5 
126.5 346.5 99.0 431.5 
228.0 346.0 280.5 378.5 
163.5 344.0 79.0 336.5 
96.5 374.0 248.0 132.0 
191.5 441.5 86.5 407.0 
2.5 366.5 173.5 318.5 
253.5 253.0 162.0 64.5 
12.0 109.0 193.0 180.5 
253.0 16.0 377.5 152.5 
355.0 478.0 412.0 427.5 
315.0 458.0 293.0 303.0 
90.0 334.0 180.0 276.0 
189.0 25.5 191.5 82.0 
455.5 45.5 382.5 168.5 
475.0 49.0 445.5 295.0 
161.0 201.5 331.5 84.5 
34.5 24.5 122.5 283.0 
446.5 470.5 354.0 198.5 
54.5 217.0 68.0 192.5 
258.5 488.5 173.0 130.0 
281.0 289.5 203.5 393.5 
226.0 37.5 377.0 180.5 
332.0 424.0 306.0 281.0 
246.0 196.5 102.0 72.5 
453.0 494.5 183.0 250.0 
439.5 315.5 166.5 159.0 
408.0 102.5 358.5 173.5 
307.0 131.5 231.0 361.0 
59.0 133.5 147.5 88.0 
346.5 499.0 261.0 307.0 
12.0 400.0 34.0 232.0 
21.5 268.0 254.0 146.0 
91.0 332.0 136.0 34.0 
224.0 214.5 290.5 83.0 
290.5 274.5 343.0 409.0 
384.0 143.0 350.5 168.5 
287.5 379.5 315.5 228.0 
59.5 104.5 170.5 126.5 
377.0 151.0 219.5 165.5 
233.0 472.5 140.5 157.0 
53.0 444.5 47.5 311.5 
316.5 475.0 304.5 159.5 
495.0 19.5 357.5 185.0 
364.0 147.5 277.5 112.5 
95.0 472.0 198.5 384.5 
29.5 293.5 174.0 457.5 
319.5 179.0 265.0 289.0 
269.0 69.5 283.5 55.0 
324.0 29.5 322.5 115.5 
46.5 374.0 50.0 237.0 
256.0 233.0 365.5 40.5 
35.0 9.5 158.0 75.5 
132.0 91.5 115.0 117.0 
369.5 328.5 268.5 290.0 
271.5 31.0 341.5 265.0 
463.0 85.0 389.0 81.5 
258.0 210.5 244.5 394.5 
333.5 100.0 289.0 58.0 
423.0 289.5 310.0 461.5 
262.5 380.0 164.0 302.0 
488.0 393.5 393.0 68.5 
356.5 185.0 430.5 220.0 
154.5 367.0 195.5 461.5 
493.5 496.0 416.5 400.0 
55.5 333.5 278.5 142.5 
437.5 484.0 220.5 346.0 
467.0 320.0 290.0 76.5 
449.0 485.5 216.5 404.5 
299.5 17.0 210.0 107.5 
286.0 318.5 187.5 165.0 
238.0 118.0 323.5 205.5 
316.5 337.0 130.0 306.0 
369.5 177.0 174.0 301.5 
306.0 449.5 284.0 424.0 
127.5 429.5 277.0 299.0 
79.0 305.0 186.5 84.0 
22.0 184.5 213.0 194.5 
205.0 197.0 132.5 216.0 
257.5 263.0 396.5 261.0 
74.5 332.0 310.0 228.5 
473.0 62.0 421.5 288.5 
42.5 171.0 69.0 186.5 
68.0 100.5 65.5 89.0 
213.0 201.0 261.0 310.5 
279.5 330.5 284.0 253.0 
8.5 374.0 147.5 265.5 
193.5 252.5 219.0 399.5 
382.5 242.0 220.0 237.0 
64.5 387.0 173.0 299.0 
0.0 475.5 183.5 411.0 
302.0 87.5 370.5 59.0 
242.0 470.0 306.0 357.5 
498.5 497.0 221.5 405.5 
442.5 201.5 316.5 318.0 
99.5 223.0 154.5 151.0 
82.5 10.0 199.5 142.0 
447.0 8.0 404.0 41.5 
16.0 217.5 258.0 197.5 
99.5 201.5 195.0 301.0 
473.0 326.5 401.5 239.0 
477.5 491.5 368.0 424.5 
169.0 318.5 106.5 350.0 
201.0 334.5 286.0 371.0 
320.0 20.0 280.0 246.0 
171.5 442.0 196.0 238.0 
202.5 258.5 179.0 389.5 
109.0 161.5 243.0 413.5 
438.5 5.5 424.0 142.0 
118.5 390.5 223.0 313.5 
66.0 22.5 357.0 135.0 
126.5 89.5 295.5 75.0 
394.5 397.0 186.0 124.5 
435.5 115.5 300.0 143.0 
351.0 67.0 322.5 105.0 
40.5 461.5 188.5 246.0 
265.5 319.5 240.0 207.5 
53.5 99.5 260.0 133.0 
474.0 79.5 402.0 164.5 
409.5 169.0 262.0 362.0 
114.0 6.5 261.0 47.0 
482.0 406.0 334.5 333.5 
439.5 361.5 424.0 339.5 
18.0 337.5 69.0 395.5 
265.0 342.0 245.0 40.5 
24.5 305.5 95.5 310.0 
274.5 158.0 284.5 383.5 
366.0 388.0 330.0 224.0 
447.0 74.5 235.5 116.5 
107.0 181.0 126.5 224.0 
331.0 199.5 73.5 212.0 
221.0 163.0 265.0 125.5 
296.5 213.0 358.0 371.0 
42.5 235.5 196.5 341.0 
16.0 364.0 83.5 330.5 
10.0 380.0 65.0 421.5 
341.5 160.5 277.0 226.0 
481.5 20.0 276.0 145.0 
490.0 6.0 378.0 93.0 
7.5 422.0 58.0 380.0 
374.0 480.0 430.0 417.0 
38.0 33.0 70.0 311.5 
197.5 169.0 160.0 108.5 
270.5 331.5 443.0 429.5 
316.5 80.0 392.5 114.5 
89.5 347.5 39.5 354.0 
28.0 318.0 127.0 142.0 
499.0 106.0 423.0 385.0 
141.5 6.0 165.0 45.0 
260.0 259.0 279.0 312.0 
477.5 358.0 348.0 309.5 
421.0 334.0 317.0 293.5 
161.0 317.0 120.5 401.0 
476.0 344.5 349.5 276.0 
20.0 366.5 117.0 273.0 
145.5 281.5 329.5 261.0 
279.0 196.0 189.5 412.0 
196.5 332.5 235.0 143.0 
284.5 350.5 376.0 169.5 
382.0 423.0 282.0 440.5 
150.5 48.5 216.0 231.0 
378.5 419.0 99.5 346.0 
315.0 306.5 359.5 205.0 
211.5 409.0 174.0 444.0 
334.0 293.5 297.0 302.0 
205.5 418.5 59.5 372.0 
106.5 93.5 339.0 64.5 
235.0 342.5 144.0 368.0 
142.5 157.5 196.0 247.0 
453.5 194.5 375.0 247.0 
49.5 269.0 161.5 257.0 
375.5 313.5 403.5 192.5 
182.5 206.0 217.0 268.0 
255.0 252.0 162.0 47.5 
113.0 285.5 218.5 356.0 
24.0 22.0 301.5 138.0 
124.5 404.0 236.5 409.0 
187.5 445.5 209.0 380.0 
280.5 495.5 324.5 399.0 
465.5 257.5 331.0 241.0 
86.5 70.5 258.0 208.0 
22.0 402.0 135.5 220.0 
480.5 477.5 233.5 446.0 
220.0 261.5 277.0 181.0 
152.0 17.0 135.5 157.5 
110.5 75.0 252.0 126.0 
180.5 31.0 295.0 66.0 
477.0 443.5 313.0 253.0 
89.0 468.5 124.0 118.5 
15.5 378.0 184.5 450.0 
152.0 241.5 148.0 241.0 
448.0 365.0 413.5 309.5 
277.5 28.5 220.5 126.0 
148.0 27.0 67.5 82.0 
174.5 282.0 388.0 429.5 
231.5 219.0 107.5 344.0 
183.0 17.5 262.0 185.5 
76.0 284.5 326.0 379.5 
472.0 252.5 389.0 365.0 
493.5 498.5 411.5 388.5 
64.0 237.0 237.0 277.5 
120.5 61.0 290.0 269.0 
434.5 353.5 400.5 325.5 
483.5 27.5 436.0 39.5 
220.0 244.0 202.0 224.5 
22.5 427.0 63.0 434.5 
361.0 215.0 449.5 373.0 
187.0 245.0 352.5 112.5 
207.0 62.5 303.0 69.5 
495.0 44.5 186.5 174.5 
340.5 322.5 343.5 237.0 
460.0 26.5 322.0 125.5 
433.0 158.5 264.5 187.0 
78.5 485.0 224.5 390.5 
158.5 41.5 347.5 318.5 
86.0 149.5 196.5 170.5 
78.5 141.0 61.5 133.0 
284.5 392.0 278.0 227.0 
29.5 458.0 204.0 393.5 
217.5 203.5 131.5 338.5 
96.5 390.0 223.0 348.5 
159.5 168.5 233.0 125.0 
349.5 267.5 190.0 47.5 
135.0 409.0 136.5 277.0 
33.5 202.5 318.0 262.0 
81.0 218.5 136.5 181.0 
338.5 460.5 252.0 150.0 
266.0 182.5 270.0 213.0 
86.0 284.0 266.5 318.5 
270.5 317.5 167.5 304.5 
27.0 147.0 201.5 63.0 
30.0 155.5 55.5 101.5 
416.0 491.0 313.5 447.0 
231.5 77.5 321.5 260.0 
4.5 236.5 158.5 36.5 
40.5 191.5 54.0 422.0 
373.5 249.5 324.5 414.0 
478.5 489.5 181.5 252.0 
97.5 359.5 269.0 71.5 
72.0 281.5 41.5 187.0 
467.5 444.5 248.0 358.5 
473.0 18.5 380.5 116.0 
120.0 351.5 247.0 184.5 
89.5 476.0 76.5 401.5 
467.0 76.0 396.5 211.0 
299.5 213.0 216.5 187.5 
452.5 491.5 427.5 392.5 
480.0 471.0 330.0 342.5 
458.5 2.0 392.5 116.5 
112.5 157.5 208.5 143.5 
487.5 257.0 456.5 347.5 
0.5 417.0 143.5 380.5 
483.5 382.0 387.0 365.0 
369.0 492.0 278.0 287.5 
457.5 270.0 465.0 268.0 
330.0 283.5 360.0 350.0 
22.0 171.0 130.5 225.0 
198.0 252.0 385.0 170.5 
21.0 377.5 77.0 413.0 
89.5 271.5 297.5 164.5 
494.0 71.5 463.5 198.5 
325.0 10.0 175.0 389.5 
283.5 168.0 276.5 80.5 
166.5 306.0 184.0 229.0 
4.5 261.5 190.0 90.0 
351.0 21.5 381.5 39.5 
355.5 305.5 234.0 258.0 
472.0 137.5 393.0 106.5 
11.5 397.0 196.5 331.5 
489.0 52.5 417.5 91.0 
276.5 406.5 440.0 215.0 
486.0 195.5 356.5 378.5 
454.0 99.0 231.0 352.0 
342.0 314.5 419.5 387.5 
497.0 245.5 344.5 246.0 
26.0 61.5 292.5 47.5 
479.0 325.5 388.5 381.5 
456.5 134.5 371.5 209.0 
178.5 486.0 130.0 256.0 
274.5 398.0 127.5 179.0 
234.0 1.0 331.5 191.5 
239.0 19.0 277.5 85.0 
493.5 66.5 317.5 169.5 
122.5 442.5 322.5 389.5 
307.5 405.0 174.5 417.5 
167.0 380.0 163.5 400.5 
96.5 23.5 303.5 35.5 
441.0 326.0 417.5 146.0 
450.5 50.5 288.5 144.0 
83.5 304.5 249.0 365.0 
68.5 62.5 291.0 47.5 
123.5 495.5 102.0 344.5 
312.0 243.0 291.0 185.0 
343.5 81.5 438.5 49.5 
20.5 495.5 118.0 434.5 
271.0 260.0 111.0 44.5 
456.0 288.0 362.5 405.0 
211.5 26.5 161.5 190.5 
364.0 26.0 164.5 231.0 
418.0 237.0 310.0 393.5 
443.5 167.5 456.5 151.5 
91.0 338.5 63.0 346.0 
53.5 224.0 148.0 307.0 
481.0 37.0 233.5 47.5 
79.0 45.0 179.0 276.0 
232.0 461.0 136.5 435.0 
325.5 333.0 274.5 391.5 
186.0 193.5 297.5 70.5 
285.0 249.0 326.0 428.5 
322.0 278.5 289.5 165.5 
165.0 497.0 80.0 375.0 
428.0 114.5 280.5 344.5 
202.5 355.0 365.5 243.0 
179.5 11.5 305.5 43.0 
158.0 231.0 147.0 114.5 
346.0 47.5 195.5 253.0 
136.0 230.5 62.0 55.0 
129.5 410.5 318.5 266.0 
341.5 196.0 362.5 264.0 
324.5 249.0 386.5 349.0 
215.5 472.0 292.5 337.5 
24.5 18.5 101.0 283.5 
138.0 17.5 141.0 290.0 
459.0 407.5 228.5 316.5 
229.0 225.5 193.5 207.0 
404.0 303.0 383.5 331.5 
214.5 92.0 290.5 142.0 
211.5 83.5 247.0 215.5 
300.0 259.0 93.0 346.5 
161.0 89.0 106.0 41.5 
466.5 361.0 424.5 322.5 
271.5 262.5 329.5 234.0 
403.0 221.5 224.5 51.0 
499.0 432.0 302.5 307.5 
339.5 30.5 128.0 88.0 
480.5 495.0 370.5 437.0 
22.5 211.0 93.0 404.0 
428.0 276.0 370.5 389.5 
4.5 231.5 207.0 239.0 
490.5 13.0 327.0 285.0 
450.5 249.0 462.5 244.0 
316.0 41.0 311.5 180.0 
316.0 41.5 354.0 251.0 
454.5 306.0 255.0 137.0 
472.0 85.0 187.0 276.0 
260.0 498.5 334.0 442.0 
255.0 392.5 263.5 131.0 
189.5 417.5 98.0 457.5 
473.5 20.0 348.0 83.0 
457.0 409.5 392.5 348.5 
101.5 476.5 213.0 69.5 
64.0 350.5 354.5 221.0 
475.5 249.0 451.5 87.0 
222.5 434.5 262.5 396.5 
192.0 353.0 320.5 220.0 
324.5 317.5 317.5 192.0 
266.0 395.5 264.5 416.0 
425.0 450.5 356.5 369.5 
193.0 178.0 258.0 438.0 
19.0 252.5 36.0 287.0 
22.0 231.0 134.5 66.5 
490.5 486.5 368.0 405.0 
93.5 12.0 95.0 35.5 
125.5 16.0 185.5 235.0 
178.0 76.5 384.5 70.5 
307.5 498.5 99.5 433.0 
62.5 14.5 137.5 67.0 
10.0 205.5 186.0 120.0 
346.0 458.0 239.5 456.5 
244.0 59.5 305.5 111.5 
97.5 28.5 85.0 286.0 
225.0 480.5 243.0 253.0 
130.5 451.0 209.0 398.5 
3.0 199.5 57.0 362.0 
474.5 223.0 360.0 219.0 
462.0 98.0 323.5 151.0 
369.5 156.5 287.5 223.0 
155.0 474.0 294.0 226.0 
79.5 381.5 69.5 121.5 
149.0 105.0 145.5 337.5 
474.0 149.5 254.5 158.5 
32.0 282.5 152.0 68.5 
398.0 100.5 190.5 160.0 
172.5 87.5 184.0 54.0 
230.5 418.5 235.0 237.0 
223.5 482.0 398.5 146.0 
13.5 74.0 178.5 62.0 
131.5 381.0 125.5 289.0 
47.0 69.0 148.0 273.0 
490.0 445.0 406.5 314.0 
431.0 482.5 325.5 331.5 
249.0 325.5 302.5 137.0 
324.5 341.5 253.0 386.5 
402.0 96.5 379.5 119.0 
169.5 319.0 191.5 377.5 
241.5 11.0 202.0 75.5 
305.5 218.0 364.0 249.0 
193.5 227.0 138.0 242.0 
393.0 397.5 322.0 212.0 
286.5 95.5 200.5 347.5 
220.0 339.5 251.0 364.0 
265.5 38.0 71.0 196.0 
468.0 284.0 405.0 417.0 
474.5 364.5 395.0 234.0 
333.5 278.0 209.5 313.5 
491.0 12.0 253.0 157.0 
374.0 23.5 188.0 202.0 
378.5 12.5 386.5 102.5 
263.0 242.5 232.5 309.5 
253.0 347.0 103.5 68.5 
490.5 129.0 305.0 60.0 
488.5 18.0 335.5 161.5 
356.0 270.5 442.5 157.5 
294.0 26.5 263.5 66.0 
101.0 0.0 260.0 167.5 
405.0 476.5 367.0 418.0 
437.0 286.0 259.5 184.0 
187.5 28.5 320.0 221.0 
312.0 146.0 135.0 128.5 
91.5 321.0 116.5 355.0 
31.0 340.0 173.0 106.5 
58.0 90.0 309.5 105.5 
319.5 196.5 164.0 135.0 
449.5 114.0 369.5 49.5 
146.0 37.5 274.0 184.5 
471.0 469.5 358.0 307.0 
135.0 48.5 37.5 254.0 
127.5 412.0 90.0 154.0 
119.5 369.5 104.5 399.0 
227.5 0.0 111.5 57.0 
421.0 14.5 312.0 57.0 
490.0 496.5 390.0 174.0 
38.5 28.5 140.5 455.5 
304.0 496.0 351.5 153.5 
444.5 214.5 234.0 296.5 
371.0 494.0 201.5 298.5 
66.5 294.5 322.0 181.5 
118.5 348.5 216.0 201.0 
140.5 425.0 49.5 306.0 
29.0 46.0 232.5 64.0 
263.5 245.5 312.5 62.5 
210.5 424.0 283.5 101.5 
171.5 451.5 182.5 331.5 
69.5 65.0 310.0 250.0 
14.0 161.0 126.0 311.0 
373.0 376.5 148.5 157.5 
212.0 340.5 296.0 247.0 
17.0 46.0 191.5 56.0 
252.0 66.5 335.5 68.5 
381.0 188.0 387.0 425.5 
273.0 280.0 69.5 334.5 
303.5 368.5 252.0 149.5 
119.5 165.0 255.0 274.0 
2.0 129.5 138.0 134.5 
487.5 354.0 407.5 351.0 
24.5 110.0 116.5 90.0 
21.5 164.0 139.5 274.0 
331.0 487.0 328.5 401.5 
466.0 297.5 137.5 407.0 
300.0 181.5 243.0 167.5 
224.5 27.5 370.5 106.5 
76.5 13.5 156.5 102.5 
98.5 222.0 193.5 182.5 
93.0 349.0 282.0 230.0 
179.0 406.0 359.0 418.5 
132.0 470.5 302.5 437.0 
270.5 388.5 258.0 243.0 
321.5 291.5 173.5 341.5 
228.0 205.0 152.5 254.0 
12.0 351.5 161.5 380.0 
456.0 169.5 395.5 270.0 
109.5 81.5 73.5 124.0 
7.0 223.5 162.5 422.5 
9.0 26.5 164.0 76.5 
153.0 357.5 205.5 119.5 
265.5 180.0 335.5 68.0 
55.5 185.5 151.0 127.5 
141.5 419.5 102.0 137.0 
368.5 333.0 301.0 393.5 
245.0 301.0 406.0 460.5 
450.5 414.0 312.5 407.0 
32.5 436.0 184.5 424.0 
467.5 19.0 318.5 237.0 
225.5 395.5 139.5 208.0 
478.5 408.5 320.5 392.5 
184.5 127.0 128.0 327.5 
94.5 131.5 122.0 423.5 
19.5 116.0 43.5 256.0 
146.0 186.5 320.5 162.5 
484.5 380.0 369.5 124.0 
260.5 188.0 44.0 131.5 
242.0 92.0 207.5 308.5 
334.0 243.0 352.0 311.5 
491.5 166.0 325.0 273.0 
371.5 326.0 230.5 420.0 
22.5 27.0 298.0 91.0 
488.0 431.0 359.5 337.5 
480.5 237.5 325.0 375.0 
143.0 485.0 215.5 344.5 
352.5 389.5 429.5 297.0 
270.0 170.5 251.5 46.0 
90.0 254.0 181.5 94.0 
365.5 130.0 368.0 49.0 
304.5 134.0 331.5 105.0 
13.5 15.0 131.5 340.5 
181.0 165.0 44.5 214.5 
190.5 111.5 314.5 81.5 
236.0 30.5 252.0 233.0 
304.5 349.5 301.0 392.5 
497.5 222.5 402.0 123.5 
230.5 124.5 183.0 121.0 
285.0 342.0 103.0 157.0 
464.0 344.5 251.0 340.0 
318.0 361.5 248.0 287.5 
187.5 28.5 372.0 36.5 
367.0 348.5 434.5 337.5 
256.0 100.5 88.0 146.0 
22.5 355.5 167.5 314.5 
295.5 70.5 300.5 165.5 
274.5 475.5 162.0 381.0 
242.0 77.0 169.5 107.5 
144.5 26.5 365.0 383.5 
309.5 238.0 241.0 230.0 
257.0 181.5 282.5 133.0 
257.5 312.0 367.5 424.0 
128.5 81.0 310.0 274.0 
9.5 448.0 78.5 319.5 
392.5 167.5 378.5 332.5 
23.0 146.5 358.5 160.5 
252.0 25.5 146.5 56.0 
5.5 139.5 190.0 330.5 
40.5 139.0 139.5 89.0 
480.5 476.0 347.5 242.0 
85.5 117.5 122.0 57.0 
342.0 311.0 221.5 394.5 
78.5 479.5 296.5 407.0 
323.5 186.0 186.5 413.0 
202.0 216.5 268.0 206.0 
0.5 72.5 124.0 78.0 
474.5 293.0 380.5 163.5 
22.5 107.5 152.0 461.5 
464.0 298.0 286.0 215.0 
204.0 36.5 250.0 73.5 
14.0 429.5 64.0 354.5 
341.0 120.5 54.5 281.0 
74.0 197.5 123.5 139.0 
87.5 478.0 257.0 444.0 
78.0 329.5 108.5 383.0 
186.0 182.0 78.5 278.0 
5.0 490.0 98.5 262.0 
285.0 4.5 270.5 252.0 
257.5 241.0 254.0 348.0 
10.5 495.0 204.0 407.5 
423.0 477.0 239.0 387.5 
289.0 485.5 74.0 187.5 
92.5 363.5 289.0 264.0 
46.0 228.5 204.5 398.0 
283.5 450.5 101.0 220.5 
38.5 83.0 197.0 279.0 
283.0 17.0 238.5 75.5 
407.0 384.0 178.5 412.0 
156.5 224.5 346.0 182.5 
180.5 491.5 86.5 456.0 
162.0 105.5 122.5 98.0 
196.5 473.5 176.5 423.5 
410.0 370.0 158.5 262.0 
428.0 265.0 443.5 238.0 
137.0 334.5 71.0 379.5 
107.5 231.5 214.5 73.5 
324.0 280.0 462.5 214.0 
49.5 334.5 251.0 296.0 
150.0 153.0 228.5 83.5 
190.0 135.5 127.0 96.5 
136.5 241.5 239.5 361.0 
121.0 429.0 130.0 324.5 
244.0 247.0 315.5 335.5 
312.5 433.0 292.5 348.5 
417.0 94.5 455.5 274.5 
428.0 499.0 252.0 353.0 
424.5 472.5 175.0 204.0 
276.0 308.5 304.5 357.0 
117.0 419.5 258.0 115.0 
22.0 51.5 98.0 173.5 
490.5 438.0 412.5 150.5 
418.0 277.5 223.5 164.0 
148.0 172.5 382.0 64.5 
455.5 173.0 264.5 435.0 
385.5 308.5 288.0 218.0 
449.0 25.0 249.0 41.5 
416.0 52.5 285.0 76.0 
299.5 414.0 283.0 286.0 
153.5 431.0 43.0 366.0 
127.0 321.0 185.0 91.0 
373.5 436.5 209.0 432.5 
340.0 264.5 294.0 447.0 
352.5 27.0 292.5 87.0 
121.0 389.0 92.5 281.0 
130.0 77.5 109.0 43.0 
461.5 215.0 319.0 150.5 
5.0 42.0 138.5 268.0 
94.5 332.5 292.0 51.5 
492.0 43.5 424.5 215.0 
392.0 274.0 292.0 99.0 
66.0 343.5 122.0 371.0 
443.5 217.0 388.5 94.0 
365.5 279.5 401.0 222.0 
292.0 28.0 321.0 122.0 
463.5 25.0 391.5 194.5 
427.0 157.5 346.5 225.0 
329.0 427.5 426.5 283.0 
5.5 261.5 92.5 141.0 
210.5 317.5 153.0 60.5 
419.0 481.5 354.0 294.0 
376.5 222.0 422.0 210.0 
27.0 173.5 189.0 138.0 
4.0 11.5 140.5 188.5 
125.0 182.5 128.5 100.5 
14.0 414.0 97.5 113.0 
279.0 434.0 336.0 353.0 
271.5 485.5 201.0 50.0 
135.5 300.0 66.0 217.0 
445.0 246.0 408.0 148.0 
322.0 323.5 261.0 312.5 
273.0 6.5 198.0 89.0 
17.5 215.5 281.5 153.5 
21.5 189.0 300.5 437.5 
406.0 270.5 359.0 75.5 
44.5 468.0 98.0 458.5 
105.5 110.0 275.0 36.5 
319.5 321.0 302.5 388.5 
317.5 103.0 194.5 422.5 
44.5 232.5 172.5 432.5 
451.0 375.0 366.0 302.0 
244.5 78.5 339.0 133.0 
80.0 180.5 269.5 452.5 
443.0 264.0 310.0 119.5 
389.5 426.5 366.5 216.0 
299.0 441.0 268.5 78.5 
471.5 90.5 258.0 281.0 
470.5 373.0 384.5 262.0 
197.0 25.5 188.5 216.0 
285.0 159.5 219.0 229.0 
439.0 411.5 294.0 76.5 
119.5 322.0 173.0 300.0 
27.5 103.5 64.5 103.5 
89.0 115.0 112.0 92.5 
289.0 399.5 438.0 415.0 
226.0 20.5 260.0 164.5 
149.0 114.5 143.0 245.0 
1.0 262.0 207.5 162.5 
29.0 368.0 85.0 427.5 
323.0 103.0 291.5 40.5 
185.0 490.5 372.5 460.0 
378.5 26.0 223.0 228.0 
496.5 204.5 355.5 382.5 
144.5 115.5 239.0 132.5 
210.5 487.0 323.5 69.5 
256.0 414.5 332.0 312.0 
242.0 354.0 278.5 185.0 
169.0 90.5 123.5 285.0 
122.0 475.5 311.0 305.5 
300.5 380.5 422.5 322.5 
206.5 117.0 262.5 358.0 
136.0 70.0 146.5 457.5 
18.0 28.0 318.0 382.5 
468.0 186.0 417.0 134.0 
169.5 441.0 178.0 108.5 
325.5 466.0 287.0 82.0 
104.0 184.5 138.0 313.0 
203.0 460.5 196.5 292.0 
225.0 274.0 345.5 355.0 
484.0 217.5 335.0 297.0 
12.5 487.5 139.5 393.5 
384.0 356.5 355.5 328.5 
265.5 242.5 331.5 100.5 
103.0 257.5 221.0 225.0 
108.0 15.5 110.0 369.0 
400.5 66.5 400.5 65.0 
443.0 136.0 358.0 138.0 
109.5 384.5 194.0 273.0 
61.0 107.0 208.0 78.0 
328.5 475.5 191.0 378.0 
244.0 307.5 339.5 322.0 
394.0 19.0 334.5 159.5 
490.5 271.0 185.0 257.0 
410.0 133.0 161.5 140.0 
216.5 445.0 267.5 422.5 
26.0 223.0 105.5 72.5 
241.0 3.5 228.5 93.5 
248.0 289.0 231.0 115.5 
218.5 119.0 171.5 337.5 
104.5 285.5 230.5 443.0 
50.0 316.0 179.0 277.0 
478.5 357.0 345.5 410.0 
449.5 79.5 373.0 224.0 
97.5 206.5 78.5 218.0 
9.0 327.0 167.0 199.5 
394.0 204.5 337.5 338.5 
65.0 27.5 120.5 54.0 
361.5 220.5 275.0 80.5 
64.5 467.5 173.5 398.0 
481.5 257.5 398.5 74.0 
91.5 375.5 267.0 284.0 
464.5 224.5 184.0 390.5 
244.0 434.0 191.5 450.5 
141.5 452.0 179.0 146.0 
480.0 234.0 346.5 251.0 
35.0 375.0 126.0 378.0 
120.5 266.0 176.0 314.0 
138.5 194.0 332.5 185.0 
283.5 463.5 369.0 245.0 
336.5 188.0 331.0 315.5 
303.5 185.0 235.5 443.0 
365.5 333.0 304.0 412.0 
4.0 497.5 173.0 457.5 
10.5 7.0 252.0 258.0 
286.0 477.5 376.0 319.5 
95.5 280.5 255.0 364.0 
47.0 237.5 108.0 242.0 
472.5 222.5 438.5 251.0 
158.0 327.5 294.5 307.0 
68.0 196.0 138.5 237.0 
114.5 227.5 282.5 143.0 
478.0 139.5 390.5 64.5 
495.0 246.5 391.5 393.5 
498.5 41.5 435.0 200.0 
203.5 209.5 186.5 451.0 
310.5 195.5 282.0 61.0 
276.0 478.5 158.0 436.5 
344.5 98.5 286.0 51.0 
29.5 321.0 69.0 425.5 
330.0 159.5 118.0 273.0 
406.0 140.0 378.5 40.5 
256.0 404.0 274.0 364.0 
266.5 54.0 121.0 269.0 
486.5 268.0 333.0 297.5 
159.0 51.0 290.0 275.0 
444.5 67.0 435.0 223.0 
441.0 289.0 329.5 414.0 
166.5 24.0 137.0 89.0 
380.5 239.0 390.5 262.0 
85.0 355.5 168.0 432.0 
12.5 479.5 130.5 284.0 
234.0 187.5 231.0 301.0 
168.5 6.0 218.5 414.0 
28.0 479.5 105.5 339.5 
306.0 305.0 202.0 95.5 
215.5 399.5 449.5 229.0 
234.0 174.5 179.5 69.5 
435.0 293.5 191.5 82.5 
97.5 365.0 196.5 349.0 
102.0 225.0 177.0 192.5 
378.5 71.0 281.0 205.5 
472.5 214.0 346.5 347.5 
47.0 484.0 239.5 444.0 
193.5 267.5 292.5 178.5 
432.5 491.0 269.5 426.5 
234.5 287.5 270.0 300.0 
13.5 439.0 268.0 177.5 
197.0 223.0 194.0 33.5 
119.5 78.5 263.0 287.0 
384.5 267.0 437.0 185.0 
173.0 461.5 180.0 387.5 
159.5 284.5 252.0 285.5 
426.5 367.5 289.5 373.0 
184.0 147.0 316.0 220.0 
38.0 492.0 72.0 238.0 
75.0 251.5 317.0 190.5 
305.0 16.0 289.0 89.0 
266.5 311.5 186.0 359.0 
204.0 26.5 230.0 269.0 
151.0 15.0 200.5 364.0 
87.5 380.0 238.0 249.0 
282.0 253.0 310.0 299.0 
8.0 11.0 180.5 129.5 
486.5 322.0 336.5 410.0 
400.0 189.5 339.0 80.0 
33.0 265.0 122.5 202.0 
299.5 271.0 123.0 331.5 
143.5 124.5 246.0 435.0 
187.5 189.5 250.0 239.0 
268.0 109.5 295.5 353.5 
102.5 346.0 149.5 150.0 
13.0 246.0 159.0 266.0 
364.0 107.5 251.0 93.0 
87.5 390.0 184.0 194.5 
213.5 220.0 290.0 331.5 
214.5 15.5 270.0 71.5 
348.0 248.0 340.0 310.5 
3.0 10.5 169.0 56.5 
409.5 444.0 213.0 276.0 
489.0 421.5 298.5 311.0 
66.5 256.0 166.5 163.5 
188.0 346.5 135.0 88.0 
391.5 146.5 367.0 116.5 
489.5 263.0 314.0 207.0 
471.5 30.0 297.0 263.0 
290.5 457.0 384.5 429.5 
381.5 473.5 255.0 419.0 
341.5 350.5 341.5 253.0 
359.5 356.5 450.5 343.5 
237.0 90.5 254.0 230.0 
356.0 406.5 104.0 422.5 
301.0 119.0 345.0 78.5 
251.5 388.5 310.5 362.0 
114.0 322.0 62.0 67.5 
62.0 392.0 272.5 433.0 
414.5 122.0 393.5 54.0 
343.5 278.0 191.5 86.5 
474.5 221.5 272.5 341.5 
488.0 322.0 86.0 452.5 
331.5 285.5 284.0 291.0 
376.5 310.5 340.0 75.5 
469.5 307.0 91.5 219.0 
479.5 425.0 425.5 208.5 
230.0 472.0 108.0 389.5 
96.0 319.5 119.0 321.5 
430.5 230.5 320.5 207.0 
228.0 245.5 54.0 152.5 
301.0 4.0 128.0 194.0 
43.5 13.0 192.0 144.0 
420.5 379.5 396.0 328.5 
415.5 233.0 172.0 46.5 
104.0 205.0 255.0 229.0 
169.0 267.0 281.5 130.0 
242.0 64.0 340.0 120.5 
110.5 318.5 150.0 431.5 
272.0 421.0 230.0 211.0 
348.0 259.0 293.0 312.5 
12.0 310.0 137.5 438.5 
391.5 426.5 210.0 393.0 
499.0 227.5 366.0 436.0 
2.0 325.5 94.0 166.0 
226.0 88.5 127.5 106.0 
344.5 495.0 312.5 450.0 
84.0 267.0 179.5 367.0 
243.5 335.0 321.5 171.5 
390.5 420.0 397.5 425.0 
213.0 136.5 199.5 441.0 
378.0 226.0 290.5 218.0 
393.5 256.5 414.5 306.5 
327.5 473.5 209.0 396.5 
412.0 449.0 130.0 294.0 
155.0 446.5 279.5 392.5 
271.0 493.5 178.5 306.0 
233.0 483.5 261.5 136.0 
77.0 302.0 201.5 321.0 
140.0 290.0 69.5 317.5 
42.5 26.5 62.5 58.5 
159.5 86.0 216.0 70.5 
199.5 162.5 162.5 454.0 
162.5 16.0 211.0 301.0 
35.0 278.5 131.0 317.0 
104.5 426.0 290.0 135.0 
417.5 88.0 190.5 203.0 
15.5 10.5 251.0 160.0 
427.5 67.5 253.0 252.0 
26.0 306.5 145.0 367.5 
329.5 340.5 336.5 159.5 
440.5 11.5 385.0 94.0 
67.0 192.5 256.0 169.5 
215.5 173.5 358.0 263.5 
426.5 385.0 347.0 364.0 
377.0 333.0 205.5 154.0 
309.0 10.5 323.5 103.5 
301.5 193.0 371.5 38.5 
331.5 183.0 355.5 150.5 
23.5 312.5 188.0 363.0 
416.5 241.0 443.0 426.5 
495.5 12.5 409.5 58.0 
11.5 346.0 123.0 371.0 
293.0 248.5 290.5 391.5 
281.5 105.5 339.0 129.0 
157.5 47.0 252.0 41.5 
325.5 154.5 273.5 74.5 
286.5 42.0 276.0 276.0 
444.0 343.0 340.0 443.0 
491.0 323.0 246.0 167.5 
459.5 404.5 147.0 248.0 
267.0 364.5 371.5 330.5 
244.0 234.5 444.0 177.5 
206.0 213.5 210.5 92.0 
34.5 90.0 212.0 271.0 
408.5 22.5 294.5 340.5 
102.0 179.0 161.0 232.0 
19.0 488.5 160.0 351.5 
97.0 49.5 122.5 206.5 
365.5 156.0 217.0 71.5 
33.0 97.0 240.5 384.5 
18.0 235.0 188.0 279.0 
488.5 302.0 347.5 461.5 
243.0 333.5 158.0 70.5 
499.0 0.0 300.5 175.5 
479.0 292.5 380.5 44.5 
368.0 170.5 317.5 78.5 
497.0 458.0 270.5 420.5 
230.0 124.5 95.5 117.5 
225.5 54.0 337.0 71.5 
332.0 209.0 233.0 316.0 
19.5 281.5 73.5 369.0 
284.5 137.0 331.0 288.0 
111.5 259.0 444.0 421.5 
477.5 195.5 358.5 254.0 
6.0 39.5 110.0 39.5 
226.5 51.5 186.5 56.0 
423.5 61.5 426.5 69.5 
279.0 27.5 358.0 62.5 
350.5 165.0 378.0 242.0 
353.0 497.0 343.0 147.5 
112.0 23.5 104.0 77.5 
399.0 169.0 170.5 357.5 
186.0 383.0 229.0 273.0 
55.0 389.0 188.5 358.0 
31.5 266.5 78.5 73.5 
488.5 7.5 454.5 185.5 
29.0 34.0 55.5 195.0 
444.0 275.5 259.5 449.0 
487.0 53.5 342.0 257.0 
439.0 239.5 274.0 190.0 
96.5 79.0 299.0 266.0 
473.5 43.5 389.0 231.0 
188.5 281.5 360.5 339.5 
43.5 104.5 53.5 63.0 
83.0 496.0 161.0 308.5 
1.5 91.0 95.0 187.0 
248.0 315.5 147.0 371.0 
101.0 58.0 109.5 58.0 
254.0 187.0 363.0 117.5 
485.0 346.0 335.5 289.0 
161.0 40.5 205.0 257.0 
4.5 194.5 132.0 85.0 
188.0 447.0 316.5 404.5 
164.0 485.0 200.5 370.0 
291.0 83.5 338.5 321.5 
150.0 495.0 152.5 392.5 
287.0 456.5 283.0 61.0 
497.0 207.0 355.5 235.0 
300.0 253.5 284.0 338.0 
30.5 162.0 53.5 371.0 
294.5 83.5 449.5 189.5 
450.0 279.5 432.5 455.5 
146.5 452.0 212.5 458.5 
301.5 191.5 347.0 443.0 
100.0 378.5 202.0 303.0 
416.0 495.0 178.0 380.0 
14.0 354.5 157.5 415.0 
307.0 218.0 289.0 181.5 
488.5 10.5 260.0 154.5 
126.5 433.5 242.0 302.0 
20.5 393.5 222.5 388.5 
298.5 231.0 258.0 318.5 
199.0 15.5 157.5 263.0 
103.0 54.0 172.0 63.5 
206.0 123.5 349.0 429.5 
173.0 25.0 214.0 80.5 
71.5 440.5 248.0 347.5 
459.5 152.5 354.5 85.0 
253.0 259.0 297.5 50.0 
201.5 13.5 345.5 401.0 
489.0 424.5 350.0 140.0 
331.5 315.5 276.0 341.5 
85.5 460.0 149.5 351.5 
307.0 152.0 260.5 350.0 
471.0 285.0 342.0 304.0 
180.5 244.0 154.0 127.0 
473.0 30.0 405.5 235.0 
395.0 116.5 356.0 378.5 
142.0 205.5 310.5 452.0 
432.0 105.0 341.5 293.5 
279.0 484.5 382.0 233.0 
1.0 476.0 328.0 405.0 
3.5 484.5 153.0 383.0 
263.5 293.0 337.5 428.5 
487.5 284.5 198.5 213.0 
242.5 446.0 158.0 294.0 
220.0 475.5 135.5 435.5 
137.5 482.0 167.5 246.0 
26.0 241.0 301.0 219.0 
99.5 361.0 333.5 356.0 
325.0 440.0 249.0 172.5 
441.0 41.5 429.0 206.0 
253.0 430.5 278.5 388.5 
328.5 459.0 180.0 442.0 
473.0 29.5 450.0 144.0 
331.0 261.0 221.5 87.0 
10.5 64.5 89.5 63.5 
464.0 96.5 355.5 100.0 
454.0 252.5 289.5 386.5 
22.5 34.0 161.5 332.5 
387.0 43.0 380.5 329.5 
344.5 303.5 198.0 391.5 
209.5 389.5 128.5 159.5 
375.0 463.5 318.0 313.5 
277.0 438.0 438.0 363.0 
494.0 128.0 340.5 112.5 
394.0 195.0 175.0 100.5 
455.5 392.5 390.0 333.5 
289.5 289.0 239.0 137.0 
163.5 359.5 314.0 308.5 
93.0 410.0 45.5 273.0 
19.5 61.0 56.0 185.0 
490.0 246.5 393.5 456.5 
204.5 24.0 265.0 280.0 
111.0 406.0 240.0 70.5 
379.5 74.5 357.0 292.5 
357.0 392.5 160.5 397.0 
279.5 22.5 344.0 317.5 
52.5 388.0 153.5 262.0 
216.5 208.0 280.5 102.0 
312.0 89.0 330.5 201.5 
206.0 384.5 242.0 345.5 
485.0 235.0 395.0 328.5 
146.5 299.0 160.0 444.0 
162.5 499.0 68.5 431.5 
228.5 473.0 423.0 456.5 
155.5 375.0 320.5 412.5 
326.0 449.5 250.0 445.0 
2.5 185.5 83.0 295.5 
277.5 417.0 78.0 394.5 
64.5 131.0 78.0 75.5 
466.5 375.0 402.5 180.5 
180.5 274.0 190.0 253.0 
184.5 101.5 213.0 132.0 
121.0 265.0 220.5 250.0 
225.0 49.5 266.5 397.5 
12.5 432.0 185.0 111.5 
153.5 355.5 59.0 169.5 
240.0 30.5 304.0 49.5 
80.5 191.5 136.0 233.0 
174.0 12.5 271.0 336.5 
439.0 12.0 256.0 291.0 
377.5 203.5 336.5 275.0 
5.5 396.0 85.0 442.0 
373.0 331.5 235.5 299.0 
216.5 147.5 119.5 200.5 
63.0 206.5 65.0 37.5 
320.0 264.0 355.5 372.5 
191.5 213.0 245.0 71.5 
191.5 194.0 197.0 70.5 
491.5 262.5 356.5 329.5 
487.5 244.0 404.5 255.0 
344.0 271.5 393.5 380.5 
336.0 129.0 398.5 309.0 
2.5 330.5 243.5 389.5 
487.5 168.5 368.5 295.0 
24.5 14.5 101.0 145.5 
14.5 207.0 91.5 439.0 
243.0 46.0 250.0 215.0 
407.5 397.5 251.0 372.0 
27.5 135.0 97.5 191.5 
296.5 409.0 446.0 391.5 
483.5 138.0 424.5 219.0 
303.0 433.5 82.0 172.5 
101.0 254.0 151.5 277.0 
172.0 379.0 259.5 451.5 
408.0 186.0 457.0 291.5 
447.0 56.0 414.5 34.5 
136.5 329.5 206.5 347.5 
442.0 193.0 427.5 288.0 
98.0 180.5 208.0 61.0 
367.0 315.5 171.0 381.0 
334.0 157.0 113.5 101.0 
245.0 219.0 150.5 54.0 
21.0 272.0 247.0 162.0 
59.0 83.0 98.5 150.5 
495.5 64.0 379.0 139.0 
399.0 23.5 280.5 107.0 
401.5 267.5 354.0 134.0 
114.0 190.5 156.5 364.0 
496.5 404.0 368.0 370.0 
5.0 481.0 176.0 459.5 
91.5 20.5 134.5 37.0 
413.5 402.5 435.0 460.5 
147.5 398.0 308.0 140.0 
493.5 17.0 386.5 253.0 
438.5 278.0 277.0 193.5 
146.5 454.0 79.5 177.0 
405.0 352.5 186.0 281.0 
496.0 142.0 365.0 226.0 
163.0 83.0 330.5 159.0 
456.0 75.0 326.5 85.5 
354.0 446.0 147.5 169.5 
308.5 276.5 302.5 111.5 
299.5 234.0 245.5 309.5 
134.0 406.0 245.0 223.0 
481.0 487.5 379.5 394.5 
81.0 406.0 174.5 350.5 
353.5 211.5 340.0 125.5 
383.0 194.5 328.0 168.5 
12.5 308.0 141.0 118.5 
339.0 65.5 295.5 66.5 
124.0 179.5 76.0 221.0 
269.5 20.0 193.0 235.0 
29.5 220.5 267.5 354.5 
383.5 33.0 234.0 297.5 
252.0 149.5 312.5 126.0 
150.5 210.5 304.5 206.0 
282.5 337.5 258.0 205.0 
68.0 415.0 120.0 383.0 
33.5 403.5 99.5 253.0 
491.5 58.5 374.5 48.5 
220.0 117.5 183.5 439.5 
60.5 128.0 127.5 170.5 
465.0 352.5 309.5 375.5 
110.5 443.0 83.0 203.0 
253.0 332.5 153.0 109.5 
27.5 492.0 66.5 291.0 
189.5 295.5 223.5 198.0 
162.5 309.0 298.5 463.0 
454.0 312.5 399.5 67.0 
17.5 437.5 234.5 416.0 
407.0 375.0 257.0 229.0 
202.0 170.0 97.5 202.0 
299.5 164.0 243.0 287.5 
350.0 475.5 348.0 364.0 
238.0 78.5 141.5 196.0 
491.0 441.5 371.0 387.5 
493.0 141.5 339.0 122.5 
362.5 336.0 394.5 234.0 
73.0 190.0 110.0 75.5 
163.5 318.5 231.0 154.0 
447.5 238.0 338.0 440.5 
492.5 350.0 343.5 41.5 
425.0 87.0 370.0 36.5 
457.0 439.5 346.5 329.5 
5.5 498.5 260.5 313.0 
286.0 163.0 156.5 399.0 
288.5 127.0 168.0 360.0 
60.0 374.5 223.0 180.5 
284.0 384.0 348.0 357.0 
340.5 372.5 346.5 224.0 
28.0 92.0 175.0 48.0 
41.5 400.0 182.5 447.0 
214.5 356.0 342.0 340.5 
284.5 249.5 333.0 364.0 
24.0 418.0 155.0 413.0 
497.0 192.5 224.5 299.5 
314.5 69.0 347.0 127.5 
279.5 276.5 433.5 196.0 
147.5 129.0 289.0 156.0 
359.0 367.0 326.5 337.5 
56.0 135.5 57.5 298.0 
257.0 189.5 406.0 335.5 
115.5 193.0 161.0 304.0 
180.5 269.0 346.0 53.0 
472.0 341.5 348.0 359.0 
275.0 348.0 264.5 386.5 
274.5 69.0 365.5 263.0 
339.0 459.5 214.0 274.0 
386.5 491.5 188.0 400.0 
488.0 129.0 330.0 138.0 
214.5 351.0 337.5 315.5 
46.5 42.0 92.5 182.0 
160.0 405.0 374.0 408.0 
216.0 221.0 103.0 76.5 
260.0 488.0 180.0 387.5 
404.5 155.5 340.5 242.0 
356.5 326.0 263.0 280.5 
62.5 48.0 112.5 97.5 
346.5 24.5 282.0 334.5 
457.5 124.5 410.5 94.0 
141.0 218.0 192.0 225.0 
206.5 132.0 334.0 55.5 
342.0 249.0 235.0 158.0 
455.5 243.0 424.0 81.0 
343.0 386.5 266.0 249.0 
143.0 14.5 157.0 118.0 
347.5 335.5 429.0 192.5 
58.5 2.5 271.0 241.0 
255.5 205.0 402.0 185.5 
352.0 135.0 270.5 79.5 
327.0 444.0 249.0 426.5 
20.0 232.5 259.0 290.0 
170.0 328.5 232.5 110.5 
145.5 26.0 162.0 60.5 
312.0 80.0 159.0 183.0 
371.0 5.0 390.5 89.0 
421.0 378.5 366.5 277.0 
379.5 37.0 228.0 180.0 
474.0 284.0 299.5 144.5 
328.0 314.5 420.5 345.5 
482.0 445.5 220.0 461.5 
492.5 186.0 322.0 122.5 
479.0 124.5 416.0 247.0 
175.0 103.0 307.5 316.0 
56.5 46.0 138.0 208.0 
75.0 394.0 147.5 253.0 
134.5 140.0 151.5 52.0 
0.0 62.0 53.0 262.0 
456.5 266.0 217.5 179.0 
172.5 178.0 176.0 216.0 
488.5 460.5 330.0 296.0 
259.5 238.5 301.0 237.0 
176.5 138.5 75.5 207.0 
126.5 174.0 210.5 338.5 
341.0 394.0 215.0 221.0 
3.5 48.5 95.5 110.5 
163.5 489.0 229.5 428.5 
432.0 480.0 395.5 402.5 
186.0 197.5 262.0 208.5 
363.5 261.0 295.5 157.0 
279.5 125.0 262.0 98.0 
389.5 27.0 378.5 147.0 
223.0 429.0 157.5 381.5 
322.5 280.0 300.0 275.0 
287.0 44.0 158.5 78.0 
314.0 280.0 405.5 394.5 
370.0 489.5 243.0 159.0 
208.5 102.0 308.5 170.5 
492.0 365.0 278.5 43.5 
163.0 374.0 121.0 408.0 
101.5 28.0 161.5 185.5 
400.0 112.0 358.0 91.0 
466.5 236.0 416.0 380.5 
263.0 97.0 283.0 415.0 
11.0 223.5 198.0 287.0 
432.5 415.5 315.0 198.0 
445.0 226.0 280.5 198.5 
354.0 482.0 357.5 222.0 
23.0 294.5 161.5 176.5 
371.5 93.5 137.0 379.0 
371.5 152.5 341.5 227.0 
352.0 10.5 143.5 221.0 
245.5 214.5 219.0 313.0 
146.5 477.5 210.0 455.5 
277.0 193.0 141.5 174.0 
235.0 335.0 310.5 356.0 
122.0 24.5 208.5 134.0 
23.5 347.0 328.0 210.5 
483.0 4.5 242.0 49.0 
473.5 246.5 308.5 351.5 
343.5 209.0 292.0 78.0 
162.0 326.0 278.5 333.5 
44.5 173.0 41.5 363.0 
51.0 47.0 230.0 266.0 
262.0 327.5 257.0 232.0 
311.0 111.0 289.5 163.5 
401.0 67.0 277.0 34.0 
26.0 61.5 211.5 132.0 
322.5 351.0 174.0 283.0 
441.0 455.5 404.5 390.5 
435.5 470.0 171.0 320.5 
340.0 322.0 261.0 400.5 
482.0 132.0 152.0 113.5 
294.0 205.5 161.0 117.5 
401.0 100.5 205.0 258.0 
274.5 97.0 352.0 176.5 
487.5 90.5 219.0 36.0 
358.5 41.5 428.0 55.0 
489.0 330.0 399.0 341.5 
98.5 54.5 174.5 237.0 
498.5 67.5 313.0 191.0 
461.0 143.5 371.0 310.5 
335.0 259.5 345.5 87.0 
209.5 280.5 272.0 199.0 
69.5 236.0 175.0 386.0 
424.0 469.5 364.0 355.5 
103.0 39.5 329.0 135.0 
7.0 355.0 83.0 243.0 
352.5 60.5 224.0 44.5 
204.5 293.0 161.0 157.0 
264.0 413.0 391.5 393.5 
423.0 176.5 107.0 60.5 
172.0 10.0 209.5 164.5 
377.0 382.0 417.0 185.5 
243.0 346.5 328.0 377.5 
187.0 14.5 166.5 168.5 
442.5 305.5 391.5 308.0 
471.5 373.5 399.5 280.0 
57.0 183.0 154.0 139.0 
310.5 207.0 298.0 241.0 
43.5 480.5 80.5 356.0 
37.0 42.0 278.0 51.0 
286.0 237.0 292.5 39.5 
199.5 119.5 89.0 46.0 
151.0 221.0 246.0 408.0 
494.0 110.0 354.0 194.0 
212.0 277.0 275.5 369.0 
14.5 259.0 98.0 279.0 
191.5 355.0 285.5 376.5 
355.5 212.5 265.0 321.5 
293.0 24.0 222.0 37.5 
202.0 42.0 316.0 245.0 
356.0 461.5 348.5 402.0 
3.5 92.5 173.0 132.0 
476.5 296.0 161.0 291.0 
168.5 17.0 246.0 78.5 
207.0 471.0 148.0 184.5 
161.5 495.5 130.5 403.5 
237.0 420.5 254.0 454.5 
277.0 335.5 438.0 36.5 
119.5 71.0 226.0 184.0 
486.0 458.5 399.0 425.5 
146.5 308.0 206.0 122.0 
241.0 445.0 382.5 103.5 
408.0 112.0 299.0 178.5 
340.0 424.0 285.0 394.0 
470.5 382.0 387.0 406.0 
491.0 20.5 405.0 85.5 
369.5 345.0 205.5 335.5 
453.0 127.5 402.0 96.0 
366.0 354.5 228.5 432.5 
34.0 107.0 219.5 192.0 
312.5 33.5 120.0 306.0 
185.0 196.5 296.0 62.5 
22.0 226.0 112.5 342.5 
17.0 300.5 73.0 264.0 
385.0 490.0 182.5 424.5 
4.5 384.5 184.0 279.0 
137.5 22.0 146.0 138.0 
4.0 146.5 183.0 111.5 
496.5 417.5 400.0 364.0 
480.5 131.5 386.0 89.0 
62.0 270.0 392.0 315.5 
467.0 366.0 356.0 415.0 
18.5 105.0 63.5 208.5 
303.0 50.0 113.5 346.5 
26.0 147.0 79.5 275.0 
91.5 210.5 72.5 265.0 
244.0 226.0 244.0 379.5 
356.0 278.0 342.5 386.5 
289.0 177.5 194.5 330.5 
41.5 66.0 71.5 171.5 
355.5 224.5 266.0 211.0 
395.5 224.5 211.0 37.0 
386.0 10.0 445.0 106.5 
218.5 397.5 211.5 85.0 
453.0 494.0 430.0 380.5 
436.5 340.0 238.0 267.5 
366.5 101.0 257.5 453.5 
95.0 291.5 275.5 285.0 
155.0 308.5 133.0 307.0 
109.5 394.5 216.0 167.5 
127.0 231.0 164.0 360.0 
484.0 463.0 315.0 444.0 
100.0 365.0 220.0 255.0 
207.0 190.0 266.5 374.0 
96.5 458.0 126.5 121.5 
477.0 66.0 372.5 149.0 
63.5 265.0 240.0 395.5 
490.5 443.5 313.5 409.0 
40.5 216.0 107.5 70.5 
61.5 159.0 69.5 198.0 
167.5 105.0 158.0 147.0 
493.0 300.0 207.0 170.5 
302.5 77.0 265.0 130.5 
182.5 321.0 126.0 459.5 
267.0 394.0 379.0 299.5 
40.5 421.0 177.0 242.0 
390.0 117.0 305.0 95.0 
27.5 415.5 186.5 311.5 
202.0 142.0 261.0 227.0 
368.0 337.0 198.5 432.5 
341.0 55.5 339.5 79.0 
485.0 434.0 425.5 364.0 
170.0 80.5 297.0 422.5 
479.0 94.5 288.0 416.0 
184.0 270.0 198.5 73.5 
297.0 356.0 253.0 282.0 
90.0 440.5 236.5 450.0 
