45605.3202823
-56469.051123
-43279.968748
-849.910269543
-24340.3689942
-40487.2729528
-52600.1800655
-26496.6858568
-17127.8226541
-18287.0932565
48851.3077579
-50684.0663495
17708.2236248
44820.9525033
-47373.6065188
53377.2572681
-26269.1221087
29686.2405771
-59361.983463
-18810.8104648
45660.3343123
23263.2173215
-34198.8641418
-21095.2942561
-39897.7159927
-6251.58880567
45540.6400584
-18847.5749211
-18485.9961478
35995.9640541
-55190.8113103
-33835.154126
-47755.2797356
-9705.0611163
43509.2414982
26289.8042517
-33851.8903331
7754.27945618
-9509.48190691
56251.2679244
17044.1514298
-51335.1874279
-24903.7886193
39681.5009334
-50852.7096862
-2232.27612731
-8296.79396505
26216.0380421
-52065.3051026
49515.7240869
5291.16562138
-57663.434207
13298.997031
2358.58758491
-54008.5333245
7558.87337114
-1108.28505488
32288.1546274
-3940.26736494
22499.1182809
43733.9157177
-15615.2586821
-17902.4619237
3875.91273674
12380.7384782
10894.5463024
-29661.2852735
-54362.4440845
53267.4327838
27691.7771068
-57309.7637222
36552.6036883
2560.95478293
-6486.55406422
-4047.26227352
54796.1472222
-43754.0488574
-17610.1548214
-29637.5431852
40539.2450808
20115.8652298
-13809.4656237
-25677.6411251
-49648.4349219
42158.3787824
-48193.8940498
1722.82762267
58541.338055
-44472.5371614
-46088.4933487
-16608.255586
-47394.4756688
23824.2266075
56510.3442053
-4829.83595183
15411.6001367
50552.1312996
-4174.92138704
4541.03737536
-44578.7282519
49754.2582362
-5157.44046522
-55708.5716976
-36794.6456344
12328.5253135
31239.2778734
5151.73830014
-28015.8081259
58078.4884654
31030.4503183
-36841.1451625
45466.1188584
815.914514812
13058.006234
2820.79395204
-32347.4296631
-16719.9846736
90.5561359005
38862.7374137
-16678.3669919
-46594.1310208
-6067.92506758
37319.3750683
-39914.2680483
46825.7552261
46996.0381535
50655.2950402
-30295.6124132
-50866.004695
45825.1646749
51954.1972037
-42944.4864804
-7174.30320284
27251.5387184
46989.5725276
42163.974294
25243.0771643
8298.89301111
38718.2894459
-28825.2974783
58228.2805609
-34761.9745175
21783.618337
-11063.0139609
-9793.38360976
57858.0284275
-3001.24805328
54518.9772845
-305.120951014
-47985.1694008
10707.5124862
37071.0756722
8238.67738413
50094.8052575
-30910.150789
59203.9601491
-56158.2739356
-39927.057592
59678.6358886
28715.1142579
10258.9613804
-29231.9051736
58034.2543068
-3281.48542612
-6912.39888381
-16959.2839817
17805.9563932
-16202.4947671
24828.223764
-15526.0928801
-39519.3229738
6383.71222358
52890.1736723
-2139.25612513
-33309.8738465
-59700.5700504
-31084.191136
35578.0752366
10101.13292
-23840.7684735
21796.3887963
-37035.6722739
25016.209339
-46602.7067097
-28482.8536417
59561.6966251
-45041.5270367
41716.7543809
-20232.1668564
-15116.3779908
-49188.0891959
2292.41223624
-44769.4194328
-11767.6628731
47112.4469775
-22480.0088605
-23157.8309828
51575.4498402
-19630.1349691
46048.6555717
46701.5313719
-34997.2611689
-10243.1529515
-29925.2963603
-4534.7711567
-48617.7320458
59570.7549327
30112.80869
-21584.9543411
58118.0674305
22274.5147047
5789.6365699
39840.0657324
34409.3646674
-23093.3005677
-47459.877467
-11000.4787294
46266.7028591
58186.1239192
-29170.6343259
-25642.5238781
7923.38155964
11787.8087578
10795.9641403
52278.857808
-4285.06014609
-13300.2138544
-29703.0773283
14433.8417332
-24735.6035684
-46393.0822391
-58993.1611545
-37154.4788227
-10867.8606485
31369.9989837
-25867.9507532
26767.4086777
43701.1414185
-41359.8061805
56001.6159048
-55043.5168021
-39403.4531508
10013.5160667
2111.41358689
2099.86534716
25367.8899207
-12686.8783885
27032.2953832
-10425.2510672
-18289.0456366
-13895.965379
-23675.6201812
55212.7546727
-18395.6740974
42826.9481984
-1897.13771394
-20342.7723667
-56048.3508598
8211.80425453
7394.66133881
56512.4502479
-29017.4833888
-31869.6075152
34546.1009478
23328.3439801
-59163.1949842
-59515.6306829
23592.0780832
10290.0666439
36578.1923788
25504.8872459
47402.2623157
-59945.2032468
-48812.0456665
21561.0115124
16789.8318913
9432.58994437
-35528.1697189
-34662.0112721
-51189.004442
-38465.9674867
53418.9669729
-25071.7034219
-52811.0692638
-4915.15434741
4073.60596713
-34022.2518144
57881.2658423
-14272.1526885
54598.1398809
9707.51797929
-57200.6043888
59280.6402433
-37185.4577174
54273.7157729
-30069.4098561
4319.12187756
-39642.1701511
47933.4281099
29150.0103592
-1804.38392569
44540.3372695
-34086.2659794
46117.5265499
11015.8420189
17352.5469235
4428.0906264
56836.0379391
-49493.0540874
27584.2655953
-23096.1867432
15815.2723966
-11841.9971547
29947.5213441
-7184.14702547
15893.478936
39537.5439571
52530.8332986
-53246.6846505
42978.460027
58898.4576163
30463.7781498
-52003.1489118
42362.6311415
25445.1728447
-47037.7182525
55640.2548142
-36886.5197633
15035.3133256
42662.0770688
33706.3270343
4471.24352115
-1977.47864309
-55073.8811015
39634.8535218
45259.9195954
-14672.2634361
59871.1591984
-54472.0343803
59333.4620274
58467.783441
39806.5189893
-30868.2387785
-5546.23034433
-45575.6929744
-36482.5984072
50017.1586397
-19492.2366023
29047.0478821
51153.0724293
29934.6992656
38274.9065766
55450.2379627
15863.4195265
26870.3801595
-48236.9876802
-41236.2316772
39336.9323962
-23789.6492299
-36734.0159059
53348.4817389
-10832.0313285
17081.7981174
35290.2982691
-15161.3345546
-25823.5222564
-8553.42989918
3750.23611207
-28398.5195494
-53033.225868
-54077.5248462
-52921.1691944
-11060.4604489
59707.2490296
42594.636995
-19994.2030077
-40566.2010373
495.441749376
42425.5591106
-28904.1191711
47465.9760924
-29192.4100823
-52766.7744407
-2437.6084187
39225.3377662
-57030.5588073
24253.380403
42578.1799966
700.450457787
-51734.3607903
-29556.1123463
5417.24102922
33858.9475326
16030.4507794
6145.82445716
-10924.1629437
53892.2865212
-23278.8303388
-33837.5589935
53580.8791967
29826.029615
-52028.5078959
58438.1733222
28688.8574763
-18382.2105974
-897.264919129
-26963.1339161
-22717.90713
-16982.6067143
43571.9829942
7623.97441527
6408.16771264
27303.3062955
50757.6024492
-17964.6198389
16293.3626212
27838.5507261
15395.028583
7968.67374512
32983.0470416
-4006.3417154
15189.7973743
38849.212985
4003.62258709
-27323.6261355
3417.96898693
43407.7359587
4858.44043665
49630.2008097
55431.916312
-10249.8385878
20772.7246308
52584.2390133
-20933.2304355
22327.6613181
-19235.833115
31189.0211839
-35593.1111709
18930.515105
32054.2427295
-39718.7831431
3297.46022711
40204.0651804
32855.1235528
44030.3021264
20303.043401
-50149.9696172
-57703.8190676
42464.3880354
-24436.6737867
51370.4572851
-25888.8510797
-22613.0292695
-11871.1260156
55137.9732539
-40070.143379
-49091.088715
37883.3659714
-49174.1858569
-8653.76838051
50755.286398
-14612.0852933
20025.6123031
-42240.4314918
9330.88093963
19127.6864977
-20572.4254251
-35119.0439393
27080.8631127
-27838.507182
-2584.95851597
-17234.5836888
37792.9564582
-48679.5137576
-30860.270247
9968.42385529
23953.691794
-49639.6016319
44167.4273106
10846.9214623
20875.9903586
50408.82404
-47424.6098658
52966.650282
-52076.1700865
-11399.8520478
9438.22036595
-21997.7493489
-5482.32333077
-5094.88505141
-23509.9595937
19326.0579034
26933.717882
-57702.4005487
15456.6887508
-10063.1203435
-24238.7523686
56371.519633
2740.83457083
-50213.0995554
19590.3373753
25708.8147986
3573.07046556
51507.8488978
-18320.3992556
-30485.9281269
8970.54685169
25064.3169853
39477.9268861
-2267.06510675
27961.7023329
56635.544044
-32784.5314453
-19318.2913358
2149.39455521
-6799.36277217
57691.1684592
-42518.6902106
-537.260702816
-5590.14377028
-50417.7836831
-58674.8689835
42281.7622909
-23559.0627613
-58007.259455
13682.1272504
24895.4482837
10567.0580398
-31308.5397205
23312.7130438
43198.6908697
-44255.9161747
59829.1873004
-10054.3661067
-59399.5735785
-29172.5237499
-47376.4981687
-29063.9944398
11788.3804536
30365.4141788
20777.8910027
-8480.18495379
-24466.7485822
-8843.06756323
23996.286644
-54755.544383
-39950.6610027
-5527.06943615
-58878.8222412
-14466.2481611
1571.51369617
7286.03353295
-21380.9794803
19157.5826616
11768.9689302
39773.0792644
-4389.19256769
27396.3846202
-57521.1275911
-183.906166942
-48666.2539959
-8191.9466436
-13656.8965159
-20819.1343726
32193.3365855
51850.3588174
45915.4332707
-36547.0949066
27177.1273756
31036.7144443
46437.4029202
-36009.1025417
11265.4408986
16387.9422773
38987.4132883
-39875.1291656
41948.4924555
-36967.8096692
14591.9989713
-41692.7726534
-15673.7283406
43351.662427
-24287.850129
31424.477637
-23550.1660534
16280.8354804
57611.0270178
57171.3750973
54738.2789001
34600.8253895
-36814.6235085
4695.4970648
47308.4004997
52015.0611423
-57532.5381333
-4368.14464842
-8791.7406543
-22275.1031023
-54542.0692938
-37277.8198032
30494.6856947
-50414.8543822
54823.0181149
58170.4644635
-53447.5855719
-15544.6706405
-38235.6497484
-26787.7902123
-18898.5517821
-32331.2312451
-57981.4742736
25652.9147831
-10556.3882879
34710.0041191
42942.6901246
-53644.6453973
-58189.0271979
42205.1887261
-28031.3474542
-29710.5264063
50118.1896012
-49735.4963799
-58786.2165907
-49545.7620719
-13244.7383601
49519.9663717
3940.74986551
8929.78485583
27869.9839128
-9997.85788529
59688.6891658
-5034.542897
45224.2457989
26598.0019385
-38583.6824092
-53091.3476146
9752.9028208
-58921.2838332
-52319.9221944
4421.54925793
17720.7533337
-42942.2054584
-20879.0421304
-50884.3846777
48012.563433
13000.2729835
30757.2216452
55120.921822
45562.11756
33860.4061064
3241.58330054
16525.2444174
-36305.9699614
25730.2897381
55572.6809736
-41973.3662649
22330.3611252
-10747.3354581
-49953.4020577
-34366.6430313
7821.69657847
-59513.0444911
13424.2540534
-30828.9601472
36057.6304632
17542.9178984
-24332.4383273
6630.2562862
30340.8771975
9670.17153056
-45316.1727989
2635.50269006
-43169.2468457
-10030.4518121
20873.076948
25689.460676
-4930.98297202
16465.9756327
12395.3858487
48422.5669646
-55253.3465269
-31721.2959964
-16668.867869
44999.3160654
17524.7822733
17177.257943
36631.4767703
-6439.19787833
-28522.365955
55109.3994314
31499.3520643
19107.990798
-17987.9855553
29596.6540278
-25878.561508
57332.0680628
30813.5060477
-46552.4048553
7095.07158256
-35427.037215
54792.8713357
41681.4363781
268.850505578
11254.1278639
-41511.7539196
52033.4067019
-17585.1461899
53159.5028012
48986.2959519
42107.2924043
-35522.4269524
27779.9956321
40012.5574972
-50891.5755363
-30418.0306313
8194.40530051
50643.4154782
-36594.9677708
-46139.5264279
26938.2574891
21755.708511
34220.6004096
9390.442919
46.2199174891
-1342.79362748
-43844.0552716
-30985.725332
-39022.6334355
-32834.1715759
48201.2661794
-41400.1689035
-12222.2947668
8124.86938968
56802.8349912
-52613.1289449
-3993.48349369
-39652.7381163
-2661.37792487
37531.0597616
29016.9069679
-34819.1000725
-20768.7155811
8645.97297375
2785.74608965
19782.9433935
10202.3900235
27696.8529249
-18929.0494576
-6942.24717158
-16451.5012987
6305.743767
-31551.3051118
58389.8941504
38195.4011102
-35248.3780837
-8422.3627023
4738.52249329
-18189.4534839
29404.8716057
-15316.3968752
56979.6816143
-22492.3373297
21775.9814784
55127.420385
-59449.6848727
29968.2827816
32020.9955794
46038.2443763
47039.1146984
-58678.5555255
58306.1439466
-33912.0601479
53757.4670885
-56473.6916252
17559.7645628
-26483.572807
-1152.81189716
37579.9038964
-37424.119403
-42959.4648433
58635.6196255
52164.2818286
-17551.2279231
-38996.2913027
55609.1969583
-55038.1714159
35682.4778178
-29278.989434
-52152.9591205
-23861.5344053
2600.63131406
-46324.0467554
-13387.9463425
50589.229037
-33498.9033044
18840.2359939
28958.1618713
-23853.0539032
-34196.3289604
-51060.4934939
-5945.16201172
-21676.125753
49204.9523626
28950.1602022
-17438.4055061
-14023.6359052
-36982.7137682
-12106.8167924
54843.7454116
-31112.1022718
17241.7816125
4875.01039292
-51159.3839442
-43222.151156
27091.3231465
-4931.51785935
41434.29131
-31312.8441125
-5369.56394864
-45838.0389877
-55749.0564693
-24885.5429173
57028.0324354
-55062.14123
-13148.9398509
973.145101187
-16086.5803088
3129.59396617
-2920.57119727
-55049.0606802
-20063.0581542
-38961.1948817
17013.6812431
6554.14632596
9828.27339823
-33072.623504
42756.3522536
-18449.419167
-4695.73158308
19947.8798444
-57734.2373471
50120.5657756
-1329.46582618
56317.4437656
40770.9232031
-13900.6439128
-19914.2052892
20841.1670888
35230.296352
-48579.6682062
44654.3836689
29586.104135
27696.6917767
-33630.7177306
-39608.9506201
41022.8025133
10572.9312751
-51659.4532876
-56084.1883476
32979.8745988
-25109.8282022
39820.0407341
20585.7450912
-36824.4869213
37026.9654063
-55430.0322324
42136.000763
-3129.52057199
44901.1069764
-39376.1029969
3677.53449695
-19319.8127665
24159.3992978
-45402.0319593
-22735.3157949
36965.8149607
-2975.99409559
-12470.1870566
28743.2350713
23175.6700757
20066.9967465
46010.8734486
-36784.5250887
19975.3931899
-52144.79639
43535.4911807
-41748.2782534
-56048.2043617
33766.0017647
35399.7917748
-22242.9460543
-31301.026068
41361.9669893
24516.0693483
-4161.86368905
37942.0030303
5150.78932062
31102.9309432
20174.0681342
55051.2775023
46924.2475051
51607.7993702
5290.92469919
-11943.7989474
53618.3050135
-31106.96087
-57885.2320116
-10127.1507894
-4345.13953739
20601.7353567
-35644.2900463
42135.0238782
-1922.24206528
-41430.6260144
-46176.8685654
126.083518526
-39151.990405
-9881.4449963
33685.016977
18456.5217381
-45232.3077806
55645.3590134
-58016.0150096
-34997.3061355
42156.951546
3859.83154975
28636.026534
-36683.5168566
-40568.227557
-7419.31003372
-6476.8623445
30739.2355981
53735.4092278
54730.4317188
45331.7686587
53444.6794044
-3758.81312049
-50661.7068701
59447.8580171
4892.94061447
-41468.9139941
32457.76749
-12621.8441087
57579.9970024
6777.60396937
-31542.1264381
-43191.1328652
12112.9936151
-18030.2314542
-16046.0831793
25685.5275624
20343.4730422
27903.1574732
23563.8414214
-36708.1756652
-29300.2175394
-31878.277593
-46701.1746092
-58820.5946608
-9834.61797372
-1765.27239794
55341.7692922
28956.309367
27103.1395718
-29863.0035113
-54118.261326
29409.885665
-52212.7637614
27452.1141026
-47922.4183423
5587.09977096
-55966.5037579
14727.6123462
44145.4137135
40515.3959277
24574.2981491
42266.5686649
47761.5711676
-47974.2985441
37537.1388019
-16601.4726894
58116.5619328
-55437.1275975
-9782.50609133
26717.8141032
45070.5955111
-2204.4761103
48263.4784812
-29043.8488129
11413.6249244
-8376.66893245
-47785.0885009
-17450.2768897
46700.0842754
-15317.5279888
-2146.42651132
-32258.4292666
4038.91519994
-27510.6517063
19350.6654806
23052.5049004
-22812.3708508
-8716.68820831
44589.9639263
7818.45558682
12204.3425279
39306.5663712
-33860.3226938
-29750.1609725
-25536.9336412
-50143.4792326
-39027.4247723
-3498.55449737
15733.117004
40076.6775166
-9256.51437035
-53217.9557284
-42191.5379773
-17863.1122108
54314.2930627
-53637.6333489
32615.0153037
-57930.4080686
-24570.3100393
53734.3948733
8545.9574565
-38814.4826991
-22155.9444802
52509.3934624
-59000.2662551
-49500.7861096
-36832.4177078
-47265.802012
49621.7025919
18129.9564174
-9810.89369402
-55450.7226392
230.459799257
-4188.45929725
13707.0755294
-38352.3486945
-19302.1375471
38725.1037139
-18074.0391317
-7332.81950117
39758.7279416
-3988.63503139
-54021.4112369
43306.5299923
48289.4159959
32301.2812897
59583.9498147
-26137.258355
-56792.4629353
8405.81024244
-21085.9107812
4851.58676739
-54562.6267483
-17597.1097344
